0 0.286458 1.000000 0.381510 1.000000 0.001302 0.751302 0.001302 0.813802
1 0.295573 0.940104 0.347656 0.940104 0.347656 0.888021 0.295573 0.888021
1 0.427083 0.837240 0.479167 0.837240 0.479167 0.785156 0.427083 0.785156
1 0.740885 0.451823 0.792969 0.451823 0.792969 0.399740 0.740885 0.399740
2 0.029948 0.477865 0.055990 0.477865 0.055990 0.451823 0.029948 0.451823
2 0.395833 0.437500 0.421875 0.437500 0.421875 0.411458 0.395833 0.411458
2 0.472656 0.893229 0.498698 0.893229 0.498698 0.867188 0.472656 0.867188
2 0.164062 0.128906 0.190104 0.128906 0.190104 0.102865 0.164062 0.102865
2 0.122396 0.475260 0.148438 0.475260 0.148438 0.449219 0.122396 0.449219
2 0.576823 0.401042 0.602865 0.401042 0.602865 0.375000 0.576823 0.375000
2 0.152344 0.621094 0.178385 0.621094 0.178385 0.595052 0.152344 0.595052
2 0.591146 0.378906 0.617188 0.378906 0.617188 0.352865 0.591146 0.352865
