0 0.002604 0.858073 1.000000 0.763021 1.000000 0.652344 0.003906 0.747396
1 0.143229 0.058594 0.195312 0.058594 0.195312 0.006510 0.143229 0.006510
1 0.076823 0.458333 0.128906 0.458333 0.128906 0.406250 0.076823 0.406250
1 0.600260 0.462240 0.652344 0.462240 0.652344 0.410156 0.600260 0.410156
1 0.941406 0.480469 0.993490 0.480469 0.993490 0.428385 0.941406 0.428385
1 0.548177 0.753906 0.600260 0.753906 0.600260 0.701823 0.548177 0.701823
1 0.593750 0.959635 0.645833 0.959635 0.645833 0.907552 0.593750 0.907552
2 0.567708 0.100260 0.593750 0.100260 0.593750 0.074219 0.567708 0.074219
2 0.486979 0.082031 0.513021 0.082031 0.513021 0.055990 0.486979 0.055990
2 0.589844 0.070312 0.615885 0.070312 0.615885 0.044271 0.589844 0.044271
