0 0.597656 0.997396 0.707031 0.981771 0.632812 0.000000 0.522135 0.000000
1 0.001302 0.143229 0.053385 0.143229 0.053385 0.091146 0.001302 0.091146
1 0.167969 0.652344 0.220052 0.652344 0.220052 0.600260 0.167969 0.600260
1 0.514323 0.052083 0.566406 0.052083 0.566406 0.000000 0.514323 0.000000
1 0.713542 0.584635 0.765625 0.584635 0.765625 0.532552 0.713542 0.532552
1 0.734375 0.532552 0.786458 0.532552 0.786458 0.480469 0.734375 0.480469
1 0.819010 0.944010 0.871094 0.944010 0.871094 0.891927 0.819010 0.891927
1 0.822917 0.996094 0.875000 0.996094 0.875000 0.944010 0.822917 0.944010
1 0.808594 0.473958 0.860677 0.473958 0.860677 0.421875 0.808594 0.421875
2 0.235677 0.492188 0.261719 0.492188 0.261719 0.466146 0.235677 0.466146
2 0.619792 0.359375 0.645833 0.359375 0.645833 0.333333 0.619792 0.333333
2 0.447917 0.528646 0.473958 0.528646 0.473958 0.502604 0.447917 0.502604
2 0.626302 0.122396 0.652344 0.122396 0.652344 0.096354 0.626302 0.096354
2 0.854167 0.707031 0.880208 0.707031 0.880208 0.680990 0.854167 0.680990
2 0.605469 0.177083 0.631510 0.177083 0.631510 0.151042 0.605469 0.151042
2 0.325521 0.302083 0.351562 0.302083 0.351562 0.276042 0.325521 0.276042
