0 0.321615 1.000000 0.416667 1.000000 0.701823 0.005208 0.606771 0.002604
1 0.492188 0.557292 0.544271 0.557292 0.544271 0.505208 0.492188 0.505208
1 0.537760 0.299479 0.589844 0.299479 0.589844 0.247396 0.537760 0.247396
1 0.191406 0.662760 0.243490 0.662760 0.243490 0.610677 0.191406 0.610677
1 0.184896 0.687500 0.236979 0.687500 0.236979 0.635417 0.184896 0.635417
2 0.447917 0.407552 0.473958 0.407552 0.473958 0.381510 0.447917 0.381510
2 0.270833 0.845052 0.296875 0.845052 0.296875 0.819010 0.270833 0.819010
2 0.893229 0.562500 0.919271 0.562500 0.919271 0.536458 0.893229 0.536458
2 0.415365 0.805990 0.441406 0.805990 0.441406 0.779948 0.415365 0.779948
2 0.428385 0.292969 0.454427 0.292969 0.454427 0.266927 0.428385 0.266927
2 0.809896 0.375000 0.835938 0.375000 0.835938 0.348958 0.809896 0.348958
2 0.820312 0.623698 0.846354 0.623698 0.846354 0.597656 0.820312 0.597656
2 0.199219 0.337240 0.225260 0.337240 0.225260 0.311198 0.199219 0.311198
