0 0.000000 0.809896 0.998698 0.733073 0.984375 0.623698 0.000000 0.699219
1 0.942708 0.856771 0.994792 0.856771 0.994792 0.804688 0.942708 0.804688
1 0.615885 0.699219 0.667969 0.699219 0.667969 0.647135 0.615885 0.647135
1 0.690104 0.640625 0.742188 0.640625 0.742188 0.588542 0.690104 0.588542
1 0.032552 0.558594 0.084635 0.558594 0.084635 0.506510 0.032552 0.506510
1 0.921875 0.257812 0.973958 0.257812 0.973958 0.205729 0.921875 0.205729
1 0.757812 0.140625 0.809896 0.140625 0.809896 0.088542 0.757812 0.088542
1 0.283854 0.097656 0.335938 0.097656 0.335938 0.045573 0.283854 0.045573
2 0.493490 0.760417 0.519531 0.760417 0.519531 0.734375 0.493490 0.734375
2 0.677083 0.121094 0.703125 0.121094 0.703125 0.095052 0.677083 0.095052
