0 0.000000 0.460938 0.000000 0.570312 0.998698 0.425781 0.990885 0.316406
1 0.074219 0.872396 0.126302 0.872396 0.126302 0.820312 0.074219 0.820312
1 0.920573 0.700521 0.972656 0.700521 0.972656 0.648438 0.920573 0.648438
1 0.925781 0.381510 0.977865 0.381510 0.977865 0.329427 0.925781 0.329427
1 0.197917 0.436198 0.250000 0.436198 0.250000 0.384115 0.197917 0.384115
1 0.527344 0.361979 0.579427 0.361979 0.579427 0.309896 0.527344 0.309896
2 0.894531 0.704427 0.920573 0.704427 0.920573 0.678385 0.894531 0.678385
2 0.856771 0.972656 0.882812 0.972656 0.882812 0.946615 0.856771 0.946615
2 0.755208 0.276042 0.781250 0.276042 0.781250 0.250000 0.755208 0.250000
2 0.147135 0.075521 0.173177 0.075521 0.173177 0.049479 0.147135 0.049479
2 0.330729 0.260417 0.356771 0.260417 0.356771 0.234375 0.330729 0.234375
