0 1.000000 0.257813 1.000000 0.212240 0.563802 0.000000 0.467448 0.000000
1 0.860677 0.625000 0.912760 0.625000 0.912760 0.572917 0.860677 0.572917
1 0.884115 0.695312 0.936198 0.695312 0.936198 0.643229 0.884115 0.643229
1 0.674479 0.766927 0.726562 0.766927 0.726562 0.714844 0.674479 0.714844
1 0.628906 0.803385 0.680990 0.803385 0.680990 0.751302 0.628906 0.751302
1 0.106771 0.808594 0.158854 0.808594 0.158854 0.756510 0.106771 0.756510
2 0.549479 0.238281 0.575521 0.238281 0.575521 0.212240 0.549479 0.212240
2 0.382812 0.997396 0.408854 0.997396 0.408854 0.971354 0.382812 0.971354
2 0.798177 0.678385 0.824219 0.678385 0.824219 0.652344 0.798177 0.652344
2 0.555990 0.994792 0.582031 0.994792 0.582031 0.968750 0.555990 0.968750
2 0.348958 0.054688 0.375000 0.054688 0.375000 0.028646 0.348958 0.028646
