0 0.018229 0.707031 1.000000 0.632812 1.000000 0.522135 0.002604 0.597656
1 0.856771 0.053385 0.908854 0.053385 0.908854 0.001302 0.856771 0.001302
1 0.347656 0.220052 0.399740 0.220052 0.399740 0.167969 0.347656 0.167969
1 0.947917 0.566406 1.000000 0.566406 1.000000 0.514323 0.947917 0.514323
1 0.415365 0.765625 0.467448 0.765625 0.467448 0.713542 0.415365 0.713542
1 0.467448 0.786458 0.519531 0.786458 0.519531 0.734375 0.467448 0.734375
1 0.055990 0.871094 0.108073 0.871094 0.108073 0.819010 0.055990 0.819010
1 0.003906 0.875000 0.055990 0.875000 0.055990 0.822917 0.003906 0.822917
1 0.526042 0.860677 0.578125 0.860677 0.578125 0.808594 0.526042 0.808594
2 0.507812 0.261719 0.533854 0.261719 0.533854 0.235677 0.507812 0.235677
2 0.640625 0.645833 0.666667 0.645833 0.666667 0.619792 0.640625 0.619792
2 0.471354 0.473958 0.497396 0.473958 0.497396 0.447917 0.471354 0.447917
2 0.877604 0.652344 0.903646 0.652344 0.903646 0.626302 0.877604 0.626302
2 0.292969 0.880208 0.319010 0.880208 0.319010 0.854167 0.292969 0.854167
2 0.822917 0.631510 0.848958 0.631510 0.848958 0.605469 0.822917 0.605469
2 0.697917 0.351562 0.723958 0.351562 0.723958 0.325521 0.697917 0.325521
