0 0.000000 0.212240 0.000000 0.257812 0.532552 0.000000 0.436198 0.000000
1 0.087240 0.625000 0.139323 0.625000 0.139323 0.572917 0.087240 0.572917
1 0.063802 0.695312 0.115885 0.695312 0.115885 0.643229 0.063802 0.643229
1 0.273438 0.766927 0.325521 0.766927 0.325521 0.714844 0.273438 0.714844
1 0.319010 0.803385 0.371094 0.803385 0.371094 0.751302 0.319010 0.751302
1 0.841146 0.808594 0.893229 0.808594 0.893229 0.756510 0.841146 0.756510
2 0.424479 0.238281 0.450521 0.238281 0.450521 0.212240 0.424479 0.212240
2 0.591146 0.997396 0.617188 0.997396 0.617188 0.971354 0.591146 0.971354
2 0.175781 0.678385 0.201823 0.678385 0.201823 0.652344 0.175781 0.652344
2 0.417969 0.994792 0.444010 0.994792 0.444010 0.968750 0.417969 0.968750
2 0.625000 0.054688 0.651042 0.054688 0.651042 0.028646 0.625000 0.028646
