0 0.342448 0.998698 1.000000 0.998698 1.000000 0.998698 1.000000 0.889323
1 0.061198 0.250000 0.113281 0.250000 0.113281 0.197917 0.061198 0.197917
1 0.247396 0.430990 0.299479 0.430990 0.299479 0.378906 0.247396 0.378906
1 0.936198 0.450521 0.988281 0.450521 0.988281 0.398437 0.936198 0.398437
1 0.756510 0.479167 0.808594 0.479167 0.808594 0.427083 0.756510 0.427083
1 0.388021 0.645833 0.440104 0.645833 0.440104 0.593750 0.388021 0.593750
1 0.855469 0.752604 0.907552 0.752604 0.907552 0.700521 0.855469 0.700521
1 0.122396 0.951823 0.174479 0.951823 0.174479 0.899740 0.122396 0.899740
2 0.339844 0.971354 0.365885 0.971354 0.365885 0.945312 0.339844 0.945312
2 0.651042 0.630208 0.677083 0.630208 0.677083 0.604167 0.651042 0.604167
2 0.656250 0.339844 0.682292 0.339844 0.682292 0.313802 0.656250 0.313802
2 0.180990 0.972656 0.207031 0.972656 0.207031 0.946615 0.180990 0.946615
2 0.160156 0.210938 0.186198 0.210938 0.186198 0.184896 0.160156 0.184896
2 0.690104 0.703125 0.716146 0.703125 0.716146 0.677083 0.690104 0.677083
