0 0.389323 1.000000 0.500000 1.000000 0.475260 0.003906 0.365885 0.050781
1 0.889323 0.489583 0.941406 0.489583 0.941406 0.437500 0.889323 0.437500
1 0.873698 0.803385 0.925781 0.803385 0.925781 0.751302 0.873698 0.751302
1 0.527344 0.602865 0.579427 0.602865 0.579427 0.550781 0.527344 0.550781
1 0.326823 0.868490 0.378906 0.868490 0.378906 0.816406 0.326823 0.816406
1 0.322917 0.765625 0.375000 0.765625 0.375000 0.713542 0.322917 0.713542
1 0.135417 0.483073 0.187500 0.483073 0.187500 0.430990 0.135417 0.430990
2 0.500000 0.475260 0.526042 0.475260 0.526042 0.449219 0.500000 0.449219
2 0.457031 0.891927 0.483073 0.891927 0.483073 0.865885 0.457031 0.865885
2 0.846354 0.779948 0.872396 0.779948 0.872396 0.753906 0.846354 0.753906
