0 1.000000 0.678385 1.000000 0.583333 0.005208 0.298177 0.002604 0.393229
1 0.505208 0.507812 0.557292 0.507812 0.557292 0.455729 0.505208 0.455729
1 0.247396 0.462240 0.299479 0.462240 0.299479 0.410156 0.247396 0.410156
1 0.610677 0.808594 0.662760 0.808594 0.662760 0.756510 0.610677 0.756510
1 0.635417 0.815104 0.687500 0.815104 0.687500 0.763021 0.635417 0.763021
2 0.381510 0.552083 0.407552 0.552083 0.407552 0.526042 0.381510 0.526042
2 0.819010 0.729167 0.845052 0.729167 0.845052 0.703125 0.819010 0.703125
2 0.536458 0.106771 0.562500 0.106771 0.562500 0.080729 0.536458 0.080729
2 0.779948 0.584635 0.805990 0.584635 0.805990 0.558594 0.779948 0.558594
2 0.266927 0.571615 0.292969 0.571615 0.292969 0.545573 0.266927 0.545573
2 0.348958 0.190104 0.375000 0.190104 0.375000 0.164062 0.348958 0.164062
2 0.597656 0.179688 0.623698 0.179688 0.623698 0.153646 0.597656 0.153646
2 0.311198 0.800781 0.337240 0.800781 0.337240 0.774740 0.311198 0.774740
