0 0.822917 0.992188 0.933594 0.993490 0.802083 -0.000000 0.691406 0.000000
1 0.274740 0.998698 0.326823 0.998698 0.326823 0.971354 0.274740 0.971354
1 0.355469 0.226563 0.407552 0.226562 0.407552 0.174479 0.355469 0.174479
1 0.403646 0.194010 0.455729 0.194010 0.455729 0.141927 0.403646 0.141927
1 0.486979 0.235677 0.539062 0.235677 0.539062 0.183594 0.486979 0.183594
2 0.395833 0.328125 0.421875 0.328125 0.421875 0.302083 0.395833 0.302083
2 0.020833 0.273438 0.046875 0.273438 0.046875 0.247396 0.020833 0.247396
2 0.735677 0.912760 0.761719 0.912760 0.761719 0.886719 0.735677 0.886719
2 0.115885 0.993490 0.141927 0.993490 0.141927 0.967448 0.115885 0.967448
2 0.322917 0.572917 0.348958 0.572917 0.348958 0.546875 0.322917 0.546875
