0 0.311198 0.993490 0.421875 0.994792 0.255208 0.000000 0.144531 0.000000
1 0.283854 0.028646 0.335938 0.028646 0.335938 0.000000 0.283854 0.000000
1 0.589844 0.110677 0.641927 0.110677 0.641927 0.058594 0.589844 0.058594
1 0.657552 0.520833 0.709635 0.520833 0.709635 0.468750 0.657552 0.468750
1 0.686198 0.384115 0.738281 0.384115 0.738281 0.332031 0.686198 0.332031
1 0.765625 0.687500 0.817708 0.687500 0.817708 0.635417 0.765625 0.635417
1 0.760417 0.343750 0.812500 0.343750 0.812500 0.291667 0.760417 0.291667
1 0.824219 0.097656 0.876302 0.097656 0.876302 0.045573 0.824219 0.045573
2 0.947917 0.500000 0.973958 0.500000 0.973958 0.473958 0.947917 0.473958
2 0.647135 0.763021 0.673177 0.763021 0.673177 0.736979 0.647135 0.736979
2 0.493490 0.630208 0.519531 0.630208 0.519531 0.604167 0.493490 0.604167
