0 0.522135 1.000000 0.632812 1.000000 0.707031 0.018229 0.597656 0.002604
1 0.001302 0.908854 0.053385 0.908854 0.053385 0.856771 0.001302 0.856771
1 0.167969 0.399740 0.220052 0.399740 0.220052 0.347656 0.167969 0.347656
1 0.514323 1.000000 0.566406 1.000000 0.566406 0.947917 0.514323 0.947917
1 0.713542 0.467448 0.765625 0.467448 0.765625 0.415365 0.713542 0.415365
1 0.734375 0.519531 0.786458 0.519531 0.786458 0.467448 0.734375 0.467448
1 0.819010 0.108073 0.871094 0.108073 0.871094 0.055990 0.819010 0.055990
1 0.822917 0.055990 0.875000 0.055990 0.875000 0.003906 0.822917 0.003906
1 0.808594 0.578125 0.860677 0.578125 0.860677 0.526042 0.808594 0.526042
2 0.235677 0.533854 0.261719 0.533854 0.261719 0.507812 0.235677 0.507812
2 0.619792 0.666667 0.645833 0.666667 0.645833 0.640625 0.619792 0.640625
2 0.447917 0.497396 0.473958 0.497396 0.473958 0.471354 0.447917 0.471354
2 0.626302 0.903646 0.652344 0.903646 0.652344 0.877604 0.626302 0.877604
2 0.854167 0.319010 0.880208 0.319010 0.880208 0.292969 0.854167 0.292969
2 0.605469 0.848958 0.631510 0.848958 0.631510 0.822917 0.605469 0.822917
2 0.325521 0.723958 0.351562 0.723958 0.351562 0.697917 0.325521 0.697917
