0 0.434896 0.980469 0.545573 0.977865 0.596354 0.000000 0.485677 0.000000
1 0.532552 0.946615 0.584635 0.946615 0.584635 0.894531 0.532552 0.894531
1 0.308594 0.700521 0.360677 0.700521 0.360677 0.648438 0.308594 0.648438
1 0.210938 0.067708 0.263021 0.067708 0.263021 0.015625 0.210938 0.015625
1 0.197917 0.354167 0.250000 0.354167 0.250000 0.302083 0.197917 0.302083
1 0.187500 0.536458 0.239583 0.536458 0.239583 0.484375 0.187500 0.484375
1 0.028646 0.582031 0.080729 0.582031 0.080729 0.529948 0.028646 0.529948
2 0.216146 0.485677 0.242188 0.485677 0.242188 0.459635 0.216146 0.459635
2 0.248698 0.356771 0.274740 0.356771 0.274740 0.330729 0.248698 0.330729
2 0.119792 0.820312 0.145833 0.820312 0.145833 0.794271 0.119792 0.794271
2 0.243490 0.460937 0.269531 0.460937 0.269531 0.434896 0.243490 0.434896
2 0.287760 0.097656 0.313802 0.097656 0.313802 0.071615 0.287760 0.071615
2 0.845052 0.933594 0.871094 0.933594 0.871094 0.907552 0.845052 0.907552
