0 1.000000 0.238281 1.000000 0.128906 0.011719 0.018229 0.002604 0.127604
1 0.367188 1.000000 0.419271 1.000000 0.419271 0.959635 0.367188 0.959635
1 0.485677 0.894531 0.537760 0.894531 0.537760 0.842448 0.485677 0.842448
1 0.721354 0.894531 0.773438 0.894531 0.773438 0.842448 0.721354 0.842448
1 0.699219 0.865885 0.751302 0.865885 0.751302 0.813802 0.699219 0.813802
1 0.389323 0.830729 0.441406 0.830729 0.441406 0.778646 0.389323 0.778646
1 0.432292 0.442708 0.484375 0.442708 0.484375 0.390625 0.432292 0.390625
1 0.871094 0.256510 0.923177 0.256510 0.923177 0.204427 0.871094 0.204427
1 0.407552 0.177083 0.459635 0.177083 0.459635 0.125000 0.407552 0.125000
2 0.941406 0.079427 0.967448 0.079427 0.967448 0.053385 0.941406 0.053385
2 0.608073 0.488281 0.634115 0.488281 0.634115 0.462240 0.608073 0.462240
2 0.912760 0.811198 0.938802 0.811198 0.938802 0.785156 0.912760 0.785156
2 0.859375 0.121094 0.885417 0.121094 0.885417 0.095052 0.859375 0.095052
2 0.752604 0.372396 0.778646 0.372396 0.778646 0.346354 0.752604 0.346354
