0 0.020833 1.000000 0.131510 1.000000 0.114583 0.029948 0.003906 0.018229
1 0.736979 0.600260 0.789062 0.600260 0.789062 0.548177 0.736979 0.548177
1 0.735677 0.549479 0.787760 0.549479 0.787760 0.497396 0.735677 0.497396
1 0.559896 0.993490 0.611979 0.993490 0.611979 0.941406 0.559896 0.941406
1 0.454427 0.865885 0.506510 0.865885 0.506510 0.813802 0.454427 0.813802
1 0.292969 0.555990 0.345052 0.555990 0.345052 0.503906 0.292969 0.503906
1 0.141927 0.871094 0.194010 0.871094 0.194010 0.819010 0.141927 0.819010
2 0.028646 0.351563 0.054688 0.351563 0.054688 0.325521 0.028646 0.325521
2 0.363281 0.136719 0.389323 0.136719 0.389323 0.110677 0.363281 0.110677
2 0.212240 0.376302 0.238281 0.376302 0.238281 0.350260 0.212240 0.350260
