0 0.311198 0.984375 0.421875 0.971354 0.437500 0.000000 0.328125 0.000000
1 0.968750 0.507812 1.000000 0.507812 1.000000 0.455729 0.968750 0.455729
1 0.674479 0.996094 0.726562 0.996094 0.726562 0.944010 0.674479 0.944010
1 0.635417 0.268229 0.687500 0.268229 0.687500 0.216146 0.635417 0.216146
1 0.528646 0.394531 0.580729 0.394531 0.580729 0.342448 0.528646 0.342448
1 0.291667 0.546875 0.343750 0.546875 0.343750 0.494792 0.291667 0.494792
1 0.274740 0.027344 0.326823 0.027344 0.326823 0.000000 0.274740 0.000000
1 0.179688 0.998698 0.231771 0.998698 0.231771 0.963542 0.179688 0.963542
1 0.156250 0.858073 0.208333 0.858073 0.208333 0.805990 0.156250 0.805990
2 0.760417 0.580729 0.786458 0.580729 0.786458 0.554688 0.760417 0.554688
