0 0.622396 0.992188 0.733073 0.997396 0.696615 0.000000 0.585938 0.000000
1 0.139323 0.669271 0.191406 0.669271 0.191406 0.617188 0.139323 0.617188
1 0.348958 0.686198 0.401042 0.686198 0.401042 0.634115 0.348958 0.634115
1 0.688802 0.674479 0.740885 0.674479 0.740885 0.622396 0.688802 0.622396
1 0.842448 0.643229 0.894531 0.643229 0.894531 0.591146 0.842448 0.591146
2 0.197917 0.873698 0.223958 0.873698 0.223958 0.847656 0.197917 0.847656
2 0.154948 0.381510 0.180990 0.381510 0.180990 0.355469 0.154948 0.355469
2 0.964844 0.378906 0.990885 0.378906 0.990885 0.352865 0.964844 0.352865
2 0.777344 0.958333 0.803385 0.958333 0.803385 0.932292 0.777344 0.932292
2 0.029948 0.542969 0.055990 0.542969 0.055990 0.516927 0.029948 0.516927
2 0.070312 0.930990 0.096354 0.930990 0.096354 0.904948 0.070312 0.904948
2 0.740885 0.725260 0.766927 0.725260 0.766927 0.699219 0.740885 0.699219
