0 0.013021 0.591146 1.000000 0.686198 1.000000 0.575521 0.010417 0.480469
1 0.902344 0.986979 0.954427 0.986979 0.954427 0.934896 0.902344 0.934896
1 0.854167 0.928385 0.906250 0.928385 0.906250 0.876302 0.854167 0.876302
1 0.541667 0.376302 0.593750 0.376302 0.593750 0.324219 0.541667 0.324219
1 0.856771 0.354167 0.908854 0.354167 0.908854 0.302083 0.856771 0.302083
2 0.733073 0.549479 0.759115 0.549479 0.759115 0.523438 0.733073 0.523438
2 0.350260 0.722656 0.376302 0.722656 0.376302 0.696615 0.350260 0.696615
2 0.700521 0.338542 0.726562 0.338542 0.726562 0.312500 0.700521 0.312500
2 0.078125 0.566406 0.104167 0.566406 0.104167 0.540365 0.078125 0.540365
2 0.798177 0.138021 0.824219 0.138021 0.824219 0.111979 0.798177 0.111979
2 0.542969 0.348958 0.569010 0.348958 0.569010 0.322917 0.542969 0.322917
2 0.555990 0.481771 0.582031 0.481771 0.582031 0.455729 0.555990 0.455729
2 0.118490 0.962240 0.144531 0.962240 0.144531 0.936198 0.118490 0.936198
