0 0.106771 1.000000 0.217448 1.000000 0.278646 0.010417 0.167969 0.014323
1 0.000000 0.238281 0.048177 0.238281 0.048177 0.186198 0.000000 0.186198
1 0.078125 0.162760 0.130208 0.162760 0.130208 0.110677 0.078125 0.110677
1 0.162760 0.898438 0.214844 0.898438 0.214844 0.846354 0.162760 0.846354
1 0.165365 0.873698 0.217448 0.873698 0.217448 0.821615 0.165365 0.821615
1 0.225260 0.746094 0.277344 0.746094 0.277344 0.694010 0.225260 0.694010
1 0.266927 0.045573 0.319010 0.045573 0.319010 0.001302 0.266927 0.001302
1 0.523438 0.138021 0.575521 0.138021 0.575521 0.085938 0.523438 0.085938
2 0.813802 0.912760 0.839844 0.912760 0.839844 0.886719 0.813802 0.886719
2 0.368490 0.519531 0.394531 0.519531 0.394531 0.493490 0.368490 0.493490
2 0.365885 0.571615 0.391927 0.571615 0.391927 0.545573 0.365885 0.545573
2 0.593750 0.664062 0.619792 0.664062 0.619792 0.638021 0.593750 0.638021
