0 0.582031 1.000000 0.691406 1.000000 0.738281 0.019531 0.627604 0.023438
1 0.058594 0.481771 0.110677 0.481771 0.110677 0.429687 0.058594 0.429687
1 0.281250 0.179688 0.333333 0.179688 0.333333 0.127604 0.281250 0.127604
1 0.531250 0.946615 0.583333 0.946615 0.583333 0.894531 0.531250 0.894531
1 0.675781 0.093750 0.727865 0.093750 0.727865 0.041667 0.675781 0.041667
1 0.805990 0.072917 0.858073 0.072917 0.858073 0.020833 0.805990 0.020833
1 0.888021 0.049479 0.940104 0.049479 0.940104 0.001302 0.888021 0.001302
1 0.949219 0.365885 0.998698 0.365885 0.998698 0.313802 0.949219 0.313802
1 0.949219 0.912760 0.998698 0.912760 0.998698 0.860677 0.949219 0.860677
2 0.779948 0.123698 0.805990 0.123698 0.805990 0.097656 0.779948 0.097656
