0 0.278646 1.000000 0.389323 1.000000 0.274740 0.010417 0.164062 0.009115
1 0.544271 0.911458 0.596354 0.911458 0.596354 0.859375 0.544271 0.859375
1 0.088542 0.126302 0.140625 0.126302 0.140625 0.074219 0.088542 0.074219
1 0.001302 0.871094 0.041667 0.871094 0.041667 0.819010 0.001302 0.819010
2 0.300781 0.128906 0.326823 0.128906 0.326823 0.102865 0.300781 0.102865
2 0.105469 0.727865 0.131510 0.727865 0.131510 0.701823 0.105469 0.701823
2 0.847656 0.563802 0.873698 0.563802 0.873698 0.537760 0.847656 0.537760
2 0.845052 0.092448 0.871094 0.092448 0.871094 0.066406 0.845052 0.066406
2 0.638021 0.799479 0.664063 0.799479 0.664063 0.773438 0.638021 0.773438
2 0.498698 0.264323 0.524740 0.264323 0.524740 0.238281 0.498698 0.238281
2 0.755208 0.888021 0.781250 0.888021 0.781250 0.861979 0.755208 0.861979
2 0.410156 0.195312 0.436198 0.195312 0.436198 0.169271 0.410156 0.169271
