0 0.000000 0.691406 0.980469 0.738281 0.976562 0.627604 0.000000 0.582031
1 0.518229 0.110677 0.570312 0.110677 0.570312 0.058594 0.518229 0.058594
1 0.820312 0.333333 0.872396 0.333333 0.872396 0.281250 0.820312 0.281250
1 0.053385 0.583333 0.105469 0.583333 0.105469 0.531250 0.053385 0.531250
1 0.906250 0.727865 0.958333 0.727865 0.958333 0.675781 0.906250 0.675781
1 0.927083 0.858073 0.979167 0.858073 0.979167 0.805990 0.927083 0.805990
1 0.950521 0.940104 0.998698 0.940104 0.998698 0.888021 0.950521 0.888021
1 0.634115 0.998698 0.686198 0.998698 0.686198 0.949219 0.634115 0.949219
1 0.087240 0.998698 0.139323 0.998698 0.139323 0.949219 0.087240 0.949219
2 0.876302 0.805990 0.902344 0.805990 0.902344 0.779948 0.876302 0.779948
