0 0.602865 1.000000 0.699219 1.000000 0.998698 0.908854 0.998698 0.878906
1 0.272135 1.000000 0.324219 1.000000 0.324219 0.971354 0.272135 0.971354
1 0.916667 0.635417 0.968750 0.635417 0.968750 0.583333 0.916667 0.583333
1 0.688802 0.515625 0.740885 0.515625 0.740885 0.463542 0.688802 0.463542
1 0.067708 0.623698 0.119792 0.623698 0.119792 0.571615 0.067708 0.571615
2 0.786458 0.026042 0.812500 0.026042 0.812500 0.001302 0.786458 0.001302
2 0.783854 0.816406 0.809896 0.816406 0.809896 0.790365 0.783854 0.790365
2 0.825521 0.423177 0.851562 0.423177 0.851562 0.397135 0.825521 0.397135
2 0.464844 0.669271 0.490885 0.669271 0.490885 0.643229 0.464844 0.643229
2 0.764323 0.578125 0.790365 0.578125 0.790365 0.552083 0.764323 0.552083
2 0.175781 0.785156 0.201823 0.785156 0.201823 0.759115 0.175781 0.759115
2 0.286458 0.615885 0.312500 0.615885 0.312500 0.589844 0.286458 0.589844
