0 0.740885 1.000000 0.850260 1.000000 0.815104 0.013021 0.704427 0.006510
1 0.878906 0.173177 0.930990 0.173177 0.930990 0.121094 0.878906 0.121094
1 0.825521 0.854167 0.877604 0.854167 0.877604 0.802083 0.825521 0.802083
1 0.765625 0.647135 0.817708 0.647135 0.817708 0.595052 0.765625 0.595052
1 0.735677 0.490885 0.787760 0.490885 0.787760 0.438802 0.735677 0.438802
1 0.501302 0.552083 0.553385 0.552083 0.553385 0.500000 0.501302 0.500000
1 0.391927 0.424479 0.444010 0.424479 0.444010 0.372396 0.391927 0.372396
1 0.372396 0.583333 0.424479 0.583333 0.424479 0.531250 0.372396 0.531250
1 0.101562 0.304688 0.153646 0.304688 0.153646 0.252604 0.101562 0.252604
2 0.619792 0.208333 0.645833 0.208333 0.645833 0.182292 0.619792 0.182292
2 0.128906 0.305990 0.154948 0.305990 0.154948 0.279948 0.128906 0.279948
