0 0.002604 0.700521 0.001302 0.811198 1.000000 0.690104 1.000000 0.579427
1 0.753906 0.230469 0.805990 0.230469 0.805990 0.178385 0.753906 0.178385
1 0.731771 0.259115 0.783854 0.259115 0.783854 0.207031 0.731771 0.207031
1 0.971354 0.308594 1.000000 0.308594 1.000000 0.256510 0.971354 0.256510
1 0.437500 0.424479 0.489583 0.424479 0.489583 0.372396 0.437500 0.372396
1 0.475260 0.524740 0.527344 0.524740 0.527344 0.472656 0.475260 0.472656
1 0.451823 0.555990 0.503906 0.555990 0.503906 0.503906 0.451823 0.503906
1 0.484375 0.813802 0.536458 0.813802 0.536458 0.761719 0.484375 0.761719
1 0.548177 0.908854 0.600260 0.908854 0.600260 0.856771 0.548177 0.856771
2 0.205729 0.035156 0.231771 0.035156 0.231771 0.009115 0.205729 0.009115
2 0.236979 0.503906 0.263021 0.503906 0.263021 0.477865 0.236979 0.477865
2 0.510417 0.367188 0.536458 0.367188 0.536458 0.341146 0.510417 0.341146
2 0.140625 0.776042 0.166667 0.776042 0.166667 0.750000 0.140625 0.750000
2 0.661458 0.320312 0.687500 0.320312 0.687500 0.294271 0.661458 0.294271
2 0.502604 0.104167 0.528646 0.104167 0.528646 0.078125 0.502604 0.078125
2 0.178385 0.222656 0.204427 0.222656 0.204427 0.196615 0.178385 0.196615
2 0.529948 0.100260 0.555990 0.100260 0.555990 0.074219 0.529948 0.074219
