0 0.023438 0.372396 1.000000 0.417969 1.000000 0.308594 0.019531 0.261719
1 0.429688 0.941406 0.481771 0.941406 0.481771 0.889323 0.429688 0.889323
1 0.127604 0.718750 0.179688 0.718750 0.179688 0.666667 0.127604 0.666667
1 0.894531 0.468750 0.946615 0.468750 0.946615 0.416667 0.894531 0.416667
1 0.041667 0.324219 0.093750 0.324219 0.093750 0.272135 0.041667 0.272135
1 0.020833 0.194010 0.072917 0.194010 0.072917 0.141927 0.020833 0.141927
1 0.001302 0.111979 0.049479 0.111979 0.049479 0.059896 0.001302 0.059896
1 0.313802 0.050781 0.365885 0.050781 0.365885 0.001302 0.313802 0.001302
1 0.860677 0.050781 0.912760 0.050781 0.912760 0.001302 0.860677 0.001302
2 0.097656 0.220052 0.123698 0.220052 0.123698 0.194010 0.097656 0.194010
