0 0.048177 0.872396 1.000000 0.889323 1.000000 0.778646 0.036458 0.761719
1 0.962240 0.977865 1.000000 0.977865 1.000000 0.925781 0.962240 0.925781
1 0.286458 0.940104 0.338542 0.940104 0.338542 0.888021 0.286458 0.888021
1 0.964844 0.795573 1.000000 0.795573 1.000000 0.743490 0.964844 0.743490
1 0.054688 0.701823 0.106771 0.701823 0.106771 0.649740 0.054688 0.649740
1 0.316406 0.653646 0.368490 0.653646 0.368490 0.601562 0.316406 0.601562
1 0.658854 0.451823 0.710938 0.451823 0.710938 0.399740 0.658854 0.399740
2 0.688802 0.191406 0.714844 0.191406 0.714844 0.165365 0.688802 0.165365
2 0.936198 0.871094 0.962240 0.871094 0.962240 0.845052 0.936198 0.845052
2 0.194010 0.105469 0.220052 0.105469 0.220052 0.079427 0.194010 0.079427
2 0.501302 0.475260 0.527344 0.475260 0.527344 0.449219 0.501302 0.449219
2 0.712240 0.269531 0.738281 0.269531 0.738281 0.243490 0.712240 0.243490
2 0.131510 0.807292 0.157552 0.807292 0.157552 0.781250 0.131510 0.781250
2 0.678385 0.764323 0.704427 0.764323 0.704427 0.738281 0.678385 0.738281
