0 0.851562 0.994792 0.962240 0.997396 0.864583 0.000000 0.753906 0.000000
1 0.046875 0.722656 0.098958 0.722656 0.098958 0.670573 0.046875 0.670573
1 0.321615 0.304688 0.373698 0.304688 0.373698 0.252604 0.321615 0.252604
1 0.361979 0.720052 0.414062 0.720052 0.414062 0.667969 0.361979 0.667969
1 0.338542 0.223958 0.390625 0.223958 0.390625 0.171875 0.338542 0.171875
1 0.782552 0.494792 0.834635 0.494792 0.834635 0.442708 0.782552 0.442708
1 0.911458 0.455729 0.963542 0.455729 0.963542 0.403646 0.911458 0.403646
2 0.337240 0.459635 0.363281 0.459635 0.363281 0.433594 0.337240 0.433594
2 0.542969 0.678385 0.569010 0.678385 0.569010 0.652344 0.542969 0.652344
2 0.683594 0.244792 0.709635 0.244792 0.709635 0.218750 0.683594 0.218750
2 0.532552 0.309896 0.558594 0.309896 0.558594 0.283854 0.532552 0.283854
2 0.236979 0.759115 0.263021 0.759115 0.263021 0.733073 0.236979 0.733073
2 0.433594 0.921875 0.459635 0.921875 0.459635 0.895833 0.433594 0.895833
2 0.484375 0.341146 0.510417 0.341146 0.510417 0.315104 0.484375 0.315104
