0 0.000000 0.278646 0.000000 0.389323 0.989583 0.274740 0.990885 0.164062
1 0.088542 0.596354 0.140625 0.596354 0.140625 0.544271 0.088542 0.544271
1 0.873698 0.140625 0.925781 0.140625 0.925781 0.088542 0.873698 0.088542
1 0.128906 0.041667 0.180990 0.041667 0.180990 0.001302 0.128906 0.001302
2 0.871094 0.326823 0.897135 0.326823 0.897135 0.300781 0.871094 0.300781
2 0.272135 0.131510 0.298177 0.131510 0.298177 0.105469 0.272135 0.105469
2 0.436198 0.873698 0.462240 0.873698 0.462240 0.847656 0.436198 0.847656
2 0.907552 0.871094 0.933594 0.871094 0.933594 0.845052 0.907552 0.845052
2 0.200521 0.664062 0.226562 0.664062 0.226562 0.638021 0.200521 0.638021
2 0.735677 0.524740 0.761719 0.524740 0.761719 0.498698 0.735677 0.498698
2 0.111979 0.781250 0.138021 0.781250 0.138021 0.755208 0.111979 0.755208
2 0.804688 0.436198 0.830729 0.436198 0.830729 0.410156 0.804688 0.410156
