0 0.000000 0.942708 0.998698 0.851562 0.985677 0.742188 0.000000 0.832031
1 0.850260 0.938802 0.902344 0.938802 0.902344 0.886719 0.850260 0.886719
1 0.187500 0.839844 0.239583 0.839844 0.239583 0.787760 0.187500 0.787760
1 0.843750 0.570312 0.895833 0.570312 0.895833 0.518229 0.843750 0.518229
1 0.294271 0.569010 0.346354 0.569010 0.346354 0.516927 0.294271 0.516927
1 0.149740 0.425781 0.201823 0.425781 0.201823 0.373698 0.149740 0.373698
1 0.177083 0.134115 0.229167 0.134115 0.229167 0.082031 0.177083 0.082031
1 0.000000 0.098958 0.042969 0.098958 0.042969 0.046875 0.000000 0.046875
2 0.191406 0.867188 0.217448 0.867188 0.217448 0.841146 0.191406 0.841146
2 0.933594 0.695312 0.959635 0.695312 0.959635 0.669271 0.933594 0.669271
2 0.490885 0.998698 0.516927 0.998698 0.516927 0.972656 0.490885 0.972656
2 0.246094 0.312500 0.272135 0.312500 0.272135 0.286458 0.246094 0.286458
2 0.496094 0.187500 0.522135 0.187500 0.522135 0.161458 0.496094 0.161458
2 0.944010 0.225260 0.970052 0.225260 0.970052 0.199219 0.944010 0.199219
2 0.893229 0.515625 0.919271 0.515625 0.919271 0.489583 0.893229 0.489583
