0 0.005208 0.304688 1.000000 0.216146 1.000000 0.105469 0.006510 0.194010
1 0.838542 0.204427 0.890625 0.204427 0.890625 0.152344 0.838542 0.152344
1 0.951823 0.300781 1.000000 0.300781 1.000000 0.248698 0.951823 0.248698
1 0.959635 0.378906 1.000000 0.378906 1.000000 0.326823 0.959635 0.326823
1 0.848958 0.623698 0.901042 0.623698 0.901042 0.571615 0.848958 0.571615
1 0.751302 0.709635 0.803385 0.709635 0.803385 0.657552 0.751302 0.657552
1 0.549479 0.779948 0.601562 0.779948 0.601562 0.727865 0.549479 0.727865
1 0.664063 0.901042 0.716146 0.901042 0.716146 0.848958 0.664062 0.848958
2 0.453125 0.265625 0.479167 0.265625 0.479167 0.239583 0.453125 0.239583
2 0.234375 0.442708 0.260417 0.442708 0.260417 0.416667 0.234375 0.416667
2 0.105469 0.481771 0.131510 0.481771 0.131510 0.455729 0.105469 0.455729
2 0.852865 0.963542 0.878906 0.963542 0.878906 0.937500 0.852865 0.937500
2 0.829427 0.390625 0.855469 0.390625 0.855469 0.364583 0.829427 0.364583
2 0.164062 0.240885 0.190104 0.240885 0.190104 0.214844 0.164062 0.214844
2 0.173177 0.657552 0.199219 0.657552 0.199219 0.631510 0.173177 0.631510
2 0.592448 0.071615 0.618490 0.071615 0.618490 0.045573 0.592448 0.045573
