0 0.994792 0.421875 0.993490 0.311198 0.000000 0.144531 0.000000 0.255208
1 0.000000 0.335937 0.028646 0.335937 0.028646 0.283854 0.000000 0.283854
1 0.058594 0.641927 0.110677 0.641927 0.110677 0.589844 0.058594 0.589844
1 0.468750 0.709635 0.520833 0.709635 0.520833 0.657552 0.468750 0.657552
1 0.332031 0.738281 0.384115 0.738281 0.384115 0.686198 0.332031 0.686198
1 0.635417 0.817708 0.687500 0.817708 0.687500 0.765625 0.635417 0.765625
1 0.291667 0.812500 0.343750 0.812500 0.343750 0.760417 0.291667 0.760417
1 0.045573 0.876302 0.097656 0.876302 0.097656 0.824219 0.045573 0.824219
2 0.473958 0.973958 0.500000 0.973958 0.500000 0.947917 0.473958 0.947917
2 0.736979 0.673177 0.763021 0.673177 0.763021 0.647135 0.736979 0.647135
2 0.604167 0.519531 0.630208 0.519531 0.630208 0.493490 0.604167 0.493490
