0 0.998698 0.121094 0.998698 0.091146 0.699219 0.000000 0.602865 0.000000
1 0.272135 0.028646 0.324219 0.028646 0.324219 0.000000 0.272135 0.000000
1 0.916667 0.416667 0.968750 0.416667 0.968750 0.364583 0.916667 0.364583
1 0.688802 0.536458 0.740885 0.536458 0.740885 0.484375 0.688802 0.484375
1 0.067708 0.428385 0.119792 0.428385 0.119792 0.376302 0.067708 0.376302
2 0.786458 0.998698 0.812500 0.998698 0.812500 0.973958 0.786458 0.973958
2 0.783854 0.209635 0.809896 0.209635 0.809896 0.183594 0.783854 0.183594
2 0.825521 0.602865 0.851562 0.602865 0.851562 0.576823 0.825521 0.576823
2 0.464844 0.356771 0.490885 0.356771 0.490885 0.330729 0.464844 0.330729
2 0.764323 0.447917 0.790365 0.447917 0.790365 0.421875 0.764323 0.421875
2 0.175781 0.240885 0.201823 0.240885 0.201823 0.214844 0.175781 0.214844
2 0.286458 0.410156 0.312500 0.410156 0.312500 0.384115 0.286458 0.384115
