0 0.990885 0.683594 0.998698 0.574219 0.000000 0.429688 0.000000 0.539062
1 0.074219 0.179688 0.126302 0.179688 0.126302 0.127604 0.074219 0.127604
1 0.920573 0.351562 0.972656 0.351562 0.972656 0.299479 0.920573 0.299479
1 0.925781 0.670573 0.977865 0.670573 0.977865 0.618490 0.925781 0.618490
1 0.197917 0.615885 0.250000 0.615885 0.250000 0.563802 0.197917 0.563802
1 0.527344 0.690104 0.579427 0.690104 0.579427 0.638021 0.527344 0.638021
2 0.894531 0.321615 0.920573 0.321615 0.920573 0.295573 0.894531 0.295573
2 0.856771 0.053385 0.882812 0.053385 0.882812 0.027344 0.856771 0.027344
2 0.755208 0.750000 0.781250 0.750000 0.781250 0.723958 0.755208 0.723958
2 0.147135 0.950521 0.173177 0.950521 0.173177 0.924479 0.147135 0.924479
2 0.330729 0.765625 0.356771 0.765625 0.356771 0.739583 0.330729 0.739583
