0 0.001302 0.858073 0.098958 0.992188 0.194010 0.000000 0.083333 0.000000
1 0.882812 0.067708 0.934896 0.067708 0.934896 0.015625 0.882812 0.015625
1 0.470052 0.578125 0.522135 0.578125 0.522135 0.526042 0.470052 0.526042
2 0.191406 0.470052 0.217448 0.470052 0.217448 0.444010 0.191406 0.444010
2 0.858073 0.325521 0.884115 0.325521 0.884115 0.299479 0.858073 0.299479
2 0.920573 0.226562 0.946615 0.226562 0.946615 0.200521 0.920573 0.200521
2 0.803385 0.895833 0.829427 0.895833 0.829427 0.869792 0.803385 0.869792
2 0.121094 0.647135 0.147135 0.647135 0.147135 0.621094 0.121094 0.621094
2 0.462240 0.365885 0.488281 0.365885 0.488281 0.339844 0.462240 0.339844
2 0.136719 0.492188 0.162760 0.492188 0.162760 0.466146 0.136719 0.466146
2 0.361979 0.330729 0.388021 0.330729 0.388021 0.304688 0.361979 0.304688
