0 0.805990 1.000000 0.916667 1.000000 0.998698 0.141927 0.901042 0.007812
1 0.065104 0.984375 0.117188 0.984375 0.117188 0.932292 0.065104 0.932292
1 0.477865 0.473958 0.529948 0.473958 0.529948 0.421875 0.477865 0.421875
2 0.782552 0.555990 0.808594 0.555990 0.808594 0.529948 0.782552 0.529948
2 0.115885 0.700521 0.141927 0.700521 0.141927 0.674479 0.115885 0.674479
2 0.053385 0.799479 0.079427 0.799479 0.079427 0.773438 0.053385 0.773438
2 0.170573 0.130208 0.196615 0.130208 0.196615 0.104167 0.170573 0.104167
2 0.852865 0.378906 0.878906 0.378906 0.878906 0.352865 0.852865 0.352865
2 0.511719 0.660156 0.537760 0.660156 0.537760 0.634115 0.511719 0.634115
2 0.837240 0.533854 0.863281 0.533854 0.863281 0.507812 0.837240 0.507812
2 0.611979 0.695312 0.638021 0.695312 0.638021 0.669271 0.611979 0.669271
