0 0.744792 1.000000 0.855469 1.000000 0.688802 0.006510 0.578125 0.005208
1 0.664063 1.000000 0.716146 1.000000 0.716146 0.971354 0.664063 0.971354
1 0.358073 0.941406 0.410156 0.941406 0.410156 0.889323 0.358073 0.889323
1 0.290365 0.531250 0.342448 0.531250 0.342448 0.479167 0.290365 0.479167
1 0.261719 0.667969 0.313802 0.667969 0.313802 0.615885 0.261719 0.615885
1 0.182292 0.364583 0.234375 0.364583 0.234375 0.312500 0.182292 0.312500
1 0.187500 0.708333 0.239583 0.708333 0.239583 0.656250 0.187500 0.656250
1 0.123698 0.954427 0.175781 0.954427 0.175781 0.902344 0.123698 0.902344
2 0.026042 0.526042 0.052083 0.526042 0.052083 0.500000 0.026042 0.500000
2 0.326823 0.263021 0.352865 0.263021 0.352865 0.236979 0.326823 0.236979
2 0.480469 0.395833 0.506510 0.395833 0.506510 0.369792 0.480469 0.369792
