0 1.000000 0.532552 1.000000 0.436198 0.787760 0.000000 0.742188 0.000000
1 0.375000 0.139323 0.427083 0.139323 0.427083 0.087240 0.375000 0.087240
1 0.304688 0.115885 0.356771 0.115885 0.356771 0.063802 0.304688 0.063802
1 0.233073 0.325521 0.285156 0.325521 0.285156 0.273438 0.233073 0.273438
1 0.196615 0.371094 0.248698 0.371094 0.248698 0.319010 0.196615 0.319010
1 0.191406 0.893229 0.243490 0.893229 0.243490 0.841146 0.191406 0.841146
2 0.761719 0.450521 0.787760 0.450521 0.787760 0.424479 0.761719 0.424479
2 0.002604 0.617188 0.028646 0.617188 0.028646 0.591146 0.002604 0.591146
2 0.321615 0.201823 0.347656 0.201823 0.347656 0.175781 0.321615 0.175781
2 0.005208 0.444010 0.031250 0.444010 0.031250 0.417969 0.005208 0.417969
2 0.945312 0.651042 0.971354 0.651042 0.971354 0.625000 0.945312 0.625000
