0 0.001302 0.733073 1.000000 0.809896 1.000000 0.699219 0.015625 0.623698
1 0.005208 0.856771 0.057292 0.856771 0.057292 0.804688 0.005208 0.804688
1 0.332031 0.699219 0.384115 0.699219 0.384115 0.647135 0.332031 0.647135
1 0.257812 0.640625 0.309896 0.640625 0.309896 0.588542 0.257812 0.588542
1 0.915365 0.558594 0.967448 0.558594 0.967448 0.506510 0.915365 0.506510
1 0.026042 0.257812 0.078125 0.257812 0.078125 0.205729 0.026042 0.205729
1 0.190104 0.140625 0.242188 0.140625 0.242188 0.088542 0.190104 0.088542
1 0.664063 0.097656 0.716146 0.097656 0.716146 0.045573 0.664063 0.045573
2 0.480469 0.760417 0.506510 0.760417 0.506510 0.734375 0.480469 0.734375
2 0.296875 0.121094 0.322917 0.121094 0.322917 0.095052 0.296875 0.095052
