0 0.141927 0.997396 0.252604 0.996094 0.347656 0.000000 0.236979 -0.000000
1 0.941406 0.856771 0.993490 0.856771 0.993490 0.804688 0.941406 0.804688
1 0.541667 0.923177 0.593750 0.923177 0.593750 0.871094 0.541667 0.871094
1 0.537760 0.399740 0.589844 0.399740 0.589844 0.347656 0.537760 0.347656
1 0.519531 0.058594 0.571615 0.058594 0.571615 0.006510 0.519531 0.006510
1 0.246094 0.451823 0.298177 0.451823 0.298177 0.399740 0.246094 0.399740
1 0.040365 0.406250 0.092448 0.406250 0.092448 0.354167 0.040365 0.354167
2 0.899740 0.432292 0.925781 0.432292 0.925781 0.406250 0.899740 0.406250
2 0.917969 0.513021 0.944010 0.513021 0.944010 0.486979 0.917969 0.486979
2 0.929688 0.410156 0.955729 0.410156 0.955729 0.384115 0.929688 0.384115
