0 0.266927 0.998698 0.376302 0.984375 0.300781 0.000000 0.190104 0.000000
1 0.143229 0.994792 0.195313 0.994792 0.195313 0.942708 0.143229 0.942708
1 0.300781 0.667969 0.352865 0.667969 0.352865 0.615885 0.300781 0.615885
1 0.359375 0.742188 0.411458 0.742188 0.411458 0.690104 0.359375 0.690104
1 0.441406 0.084635 0.493490 0.084635 0.493490 0.032552 0.441406 0.032552
1 0.742188 0.973958 0.794271 0.973958 0.794271 0.921875 0.742188 0.921875
1 0.859375 0.809896 0.911458 0.809896 0.911458 0.757812 0.859375 0.757812
1 0.902344 0.335938 0.954427 0.335938 0.954427 0.283854 0.902344 0.283854
2 0.239583 0.519531 0.265625 0.519531 0.265625 0.493490 0.239583 0.493490
2 0.878906 0.703125 0.904948 0.703125 0.904948 0.677083 0.878906 0.677083
