0 0.000000 0.778646 0.993490 0.854167 0.992188 0.743490 0.000000 0.667969
1 0.173177 0.346354 0.225260 0.346354 0.225260 0.294271 0.173177 0.294271
1 0.726562 0.623698 0.778646 0.623698 0.778646 0.571615 0.726562 0.571615
1 0.820312 0.786458 0.872396 0.786458 0.872396 0.734375 0.820312 0.734375
1 0.320312 0.828125 0.372396 0.828125 0.372396 0.776042 0.320312 0.776042
1 0.214844 0.845052 0.266927 0.845052 0.266927 0.792969 0.214844 0.792969
2 0.611979 0.404948 0.638021 0.404948 0.638021 0.378906 0.611979 0.378906
2 0.628906 0.876302 0.654948 0.876302 0.654948 0.850260 0.628906 0.850260
2 0.859375 0.946615 0.885417 0.946615 0.885417 0.920573 0.859375 0.920573
2 0.869792 0.450521 0.895833 0.450521 0.895833 0.424479 0.869792 0.424479
2 0.792969 0.078125 0.819010 0.078125 0.819010 0.052083 0.792969 0.052083
