0 0.236979 1.000000 0.347656 1.000000 0.252604 0.003906 0.141927 0.002604
1 0.941406 0.195312 0.993490 0.195312 0.993490 0.143229 0.941406 0.143229
1 0.541667 0.128906 0.593750 0.128906 0.593750 0.076823 0.541667 0.076823
1 0.537760 0.652344 0.589844 0.652344 0.589844 0.600260 0.537760 0.600260
1 0.519531 0.993490 0.571615 0.993490 0.571615 0.941406 0.519531 0.941406
1 0.246094 0.600260 0.298177 0.600260 0.298177 0.548177 0.246094 0.548177
1 0.040365 0.645833 0.092448 0.645833 0.092448 0.593750 0.040365 0.593750
2 0.899740 0.593750 0.925781 0.593750 0.925781 0.567708 0.899740 0.567708
2 0.917969 0.513021 0.944010 0.513021 0.944010 0.486979 0.917969 0.486979
2 0.929688 0.615885 0.955729 0.615885 0.955729 0.589844 0.929688 0.589844
