0 0.700521 0.997396 0.811198 0.998698 0.690104 0.000000 0.579427 0.000000
1 0.178385 0.246094 0.230469 0.246094 0.230469 0.194010 0.178385 0.194010
1 0.207031 0.268229 0.259115 0.268229 0.259115 0.216146 0.207031 0.216146
1 0.256510 0.028646 0.308594 0.028646 0.308594 0.000000 0.256510 0.000000
1 0.372396 0.562500 0.424479 0.562500 0.424479 0.510417 0.372396 0.510417
1 0.472656 0.524740 0.524740 0.524740 0.524740 0.472656 0.472656 0.472656
1 0.503906 0.548177 0.555990 0.548177 0.555990 0.496094 0.503906 0.496094
1 0.761719 0.515625 0.813802 0.515625 0.813802 0.463542 0.761719 0.463542
1 0.856771 0.451823 0.908854 0.451823 0.908854 0.399740 0.856771 0.399740
2 0.009115 0.794271 0.035156 0.794271 0.035156 0.768229 0.009115 0.768229
2 0.477865 0.763021 0.503906 0.763021 0.503906 0.736979 0.477865 0.736979
2 0.341146 0.489583 0.367188 0.489583 0.367188 0.463542 0.341146 0.463542
2 0.750000 0.859375 0.776042 0.859375 0.776042 0.833333 0.750000 0.833333
2 0.294271 0.338542 0.320312 0.338542 0.320312 0.312500 0.294271 0.312500
2 0.078125 0.497396 0.104167 0.497396 0.104167 0.471354 0.078125 0.471354
2 0.196615 0.821615 0.222656 0.821615 0.222656 0.795573 0.196615 0.795573
2 0.074219 0.470052 0.100260 0.470052 0.100260 0.444010 0.074219 0.444010
