0 0.019531 0.738281 1.000000 0.691406 1.000000 0.582031 0.023438 0.627604
1 0.429688 0.110677 0.481771 0.110677 0.481771 0.058594 0.429688 0.058594
1 0.127604 0.333333 0.179688 0.333333 0.179688 0.281250 0.127604 0.281250
1 0.894531 0.583333 0.946615 0.583333 0.946615 0.531250 0.894531 0.531250
1 0.041667 0.727865 0.093750 0.727865 0.093750 0.675781 0.041667 0.675781
1 0.020833 0.858073 0.072917 0.858073 0.072917 0.805990 0.020833 0.805990
1 0.001302 0.940104 0.049479 0.940104 0.049479 0.888021 0.001302 0.888021
1 0.313802 0.998698 0.365885 0.998698 0.365885 0.949219 0.313802 0.949219
1 0.860677 0.998698 0.912760 0.998698 0.912760 0.949219 0.860677 0.949219
2 0.097656 0.805990 0.123698 0.805990 0.123698 0.779948 0.097656 0.779948
