0 0.001302 1.000000 0.001302 1.000000 0.110677 1.000000 0.001302 0.342448
1 0.750000 0.113281 0.802083 0.113281 0.802083 0.061198 0.750000 0.061198
1 0.569010 0.299479 0.621094 0.299479 0.621094 0.247396 0.569010 0.247396
1 0.549479 0.988281 0.601563 0.988281 0.601563 0.936198 0.549479 0.936198
1 0.520833 0.808594 0.572917 0.808594 0.572917 0.756510 0.520833 0.756510
1 0.354167 0.440104 0.406250 0.440104 0.406250 0.388021 0.354167 0.388021
1 0.247396 0.907552 0.299479 0.907552 0.299479 0.855469 0.247396 0.855469
1 0.048177 0.174479 0.100260 0.174479 0.100260 0.122396 0.048177 0.122396
2 0.028646 0.365885 0.054688 0.365885 0.054688 0.339844 0.028646 0.339844
2 0.369792 0.677083 0.395833 0.677083 0.395833 0.651042 0.369792 0.651042
2 0.660156 0.682292 0.686198 0.682292 0.686198 0.656250 0.660156 0.656250
2 0.027344 0.207031 0.053385 0.207031 0.053385 0.180990 0.027344 0.180990
2 0.789062 0.186198 0.815104 0.186198 0.815104 0.160156 0.789062 0.160156
2 0.296875 0.716146 0.322917 0.716146 0.322917 0.690104 0.296875 0.690104
