0 0.467448 1.000000 0.563802 1.000000 1.000000 0.787760 1.000000 0.742188
1 0.860677 0.427083 0.912760 0.427083 0.912760 0.375000 0.860677 0.375000
1 0.884115 0.356771 0.936198 0.356771 0.936198 0.304687 0.884115 0.304687
1 0.674479 0.285156 0.726562 0.285156 0.726562 0.233073 0.674479 0.233073
1 0.628906 0.248698 0.680990 0.248698 0.680990 0.196615 0.628906 0.196615
1 0.106771 0.243490 0.158854 0.243490 0.158854 0.191406 0.106771 0.191406
2 0.549479 0.787760 0.575521 0.787760 0.575521 0.761719 0.549479 0.761719
2 0.382812 0.028646 0.408854 0.028646 0.408854 0.002604 0.382812 0.002604
2 0.798177 0.347656 0.824219 0.347656 0.824219 0.321615 0.798177 0.321615
2 0.555990 0.031250 0.582031 0.031250 0.582031 0.005208 0.555990 0.005208
2 0.348958 0.971354 0.375000 0.971354 0.375000 0.945312 0.348958 0.945312
