0 0.001302 0.186198 0.001302 0.248698 0.381510 0.000000 0.286458 -0.000000
1 0.295573 0.111979 0.347656 0.111979 0.347656 0.059896 0.295573 0.059896
1 0.427083 0.214844 0.479167 0.214844 0.479167 0.162760 0.427083 0.162760
1 0.740885 0.600260 0.792969 0.600260 0.792969 0.548177 0.740885 0.548177
2 0.029948 0.548177 0.055990 0.548177 0.055990 0.522135 0.029948 0.522135
2 0.395833 0.588542 0.421875 0.588542 0.421875 0.562500 0.395833 0.562500
2 0.472656 0.132812 0.498698 0.132812 0.498698 0.106771 0.472656 0.106771
2 0.164062 0.897135 0.190104 0.897135 0.190104 0.871094 0.164062 0.871094
2 0.122396 0.550781 0.148438 0.550781 0.148438 0.524740 0.122396 0.524740
2 0.576823 0.625000 0.602865 0.625000 0.602865 0.598958 0.576823 0.598958
2 0.152344 0.404948 0.178385 0.404948 0.178385 0.378906 0.152344 0.378906
2 0.591146 0.647135 0.617188 0.647135 0.617188 0.621094 0.591146 0.621094
