0 0.854167 0.998698 0.949219 0.998698 0.470052 0.000000 0.375000 0.001302
1 0.059896 0.925781 0.111979 0.925781 0.111979 0.873698 0.059896 0.873698
1 0.084635 0.799479 0.136719 0.799479 0.136719 0.747396 0.084635 0.747396
1 0.173177 0.497396 0.225260 0.497396 0.225260 0.445312 0.173177 0.445312
1 0.002604 0.145833 0.054688 0.145833 0.054688 0.093750 0.002604 0.093750
1 0.277344 0.533854 0.329427 0.533854 0.329427 0.481771 0.277344 0.481771
1 0.266927 0.393229 0.319010 0.393229 0.319010 0.341146 0.266927 0.341146
1 0.190104 0.229167 0.242188 0.229167 0.242188 0.177083 0.190104 0.177083
1 0.248698 0.170573 0.300781 0.170573 0.300781 0.118490 0.248698 0.118490
2 0.429687 0.901042 0.455729 0.901042 0.455729 0.875000 0.429687 0.875000
2 0.430990 0.122396 0.457031 0.122396 0.457031 0.096354 0.430990 0.096354
2 0.563802 0.460938 0.589844 0.460938 0.589844 0.434896 0.563802 0.434896
2 0.352865 0.502604 0.378906 0.502604 0.378906 0.476562 0.352865 0.476562
2 0.144531 0.488281 0.170573 0.488281 0.170573 0.462240 0.144531 0.462240
2 0.139323 0.838542 0.165365 0.838542 0.165365 0.812500 0.139323 0.812500
2 0.523438 0.134115 0.549479 0.134115 0.549479 0.108073 0.523438 0.108073
