0 0.529948 1.000000 0.625000 0.998698 0.145833 0.001302 0.050781 0.001302
1 0.888021 0.126302 0.940104 0.126302 0.940104 0.074219 0.888021 0.074219
1 0.863281 0.252604 0.915365 0.252604 0.915365 0.200521 0.863281 0.200521
1 0.774740 0.554688 0.826823 0.554688 0.826823 0.502604 0.774740 0.502604
1 0.945312 0.906250 0.997396 0.906250 0.997396 0.854167 0.945312 0.854167
1 0.670573 0.518229 0.722656 0.518229 0.722656 0.466146 0.670573 0.466146
1 0.680990 0.658854 0.733073 0.658854 0.733073 0.606771 0.680990 0.606771
1 0.757812 0.822917 0.809896 0.822917 0.809896 0.770833 0.757812 0.770833
1 0.699219 0.881510 0.751302 0.881510 0.751302 0.829427 0.699219 0.829427
2 0.544271 0.125000 0.570313 0.125000 0.570313 0.098958 0.544271 0.098958
2 0.542969 0.903646 0.569010 0.903646 0.569010 0.877604 0.542969 0.877604
2 0.410156 0.565104 0.436198 0.565104 0.436198 0.539062 0.410156 0.539062
2 0.621094 0.523438 0.647135 0.523438 0.647135 0.497396 0.621094 0.497396
2 0.829427 0.537760 0.855469 0.537760 0.855469 0.511719 0.829427 0.511719
2 0.834635 0.187500 0.860677 0.187500 0.860677 0.161458 0.834635 0.161458
2 0.450521 0.891927 0.476562 0.891927 0.476562 0.865885 0.450521 0.865885
