0 0.375000 0.998698 0.470052 1.000000 0.949219 0.001302 0.854167 0.001302
1 0.059896 0.126302 0.111979 0.126302 0.111979 0.074219 0.059896 0.074219
1 0.084635 0.252604 0.136719 0.252604 0.136719 0.200521 0.084635 0.200521
1 0.173177 0.554688 0.225260 0.554688 0.225260 0.502604 0.173177 0.502604
1 0.002604 0.906250 0.054688 0.906250 0.054688 0.854167 0.002604 0.854167
1 0.277344 0.518229 0.329427 0.518229 0.329427 0.466146 0.277344 0.466146
1 0.266927 0.658854 0.319010 0.658854 0.319010 0.606771 0.266927 0.606771
1 0.190104 0.822917 0.242188 0.822917 0.242188 0.770833 0.190104 0.770833
1 0.248698 0.881510 0.300781 0.881510 0.300781 0.829427 0.248698 0.829427
2 0.429688 0.125000 0.455729 0.125000 0.455729 0.098958 0.429688 0.098958
2 0.430990 0.903646 0.457031 0.903646 0.457031 0.877604 0.430990 0.877604
2 0.563802 0.565104 0.589844 0.565104 0.589844 0.539062 0.563802 0.539062
2 0.352865 0.523438 0.378906 0.523438 0.378906 0.497396 0.352865 0.497396
2 0.144531 0.537760 0.170573 0.537760 0.170573 0.511719 0.144531 0.511719
2 0.139323 0.187500 0.165365 0.187500 0.165365 0.161458 0.139323 0.161458
2 0.523438 0.891927 0.549479 0.891927 0.549479 0.865885 0.523438 0.865885
