0 0.751302 0.998698 0.813802 0.998698 1.000000 0.713542 1.000000 0.618490
1 0.888021 0.704427 0.940104 0.704427 0.940104 0.652344 0.888021 0.652344
1 0.785156 0.572917 0.837240 0.572917 0.837240 0.520833 0.785156 0.520833
1 0.399740 0.259115 0.451823 0.259115 0.451823 0.207031 0.399740 0.207031
2 0.451823 0.970052 0.477865 0.970052 0.477865 0.944010 0.451823 0.944010
2 0.411458 0.604167 0.437500 0.604167 0.437500 0.578125 0.411458 0.578125
2 0.867188 0.527344 0.893229 0.527344 0.893229 0.501302 0.867188 0.501302
2 0.102865 0.835938 0.128906 0.835938 0.128906 0.809896 0.102865 0.809896
2 0.449219 0.877604 0.475260 0.877604 0.475260 0.851562 0.449219 0.851562
2 0.375000 0.423177 0.401042 0.423177 0.401042 0.397135 0.375000 0.397135
2 0.595052 0.847656 0.621094 0.847656 0.621094 0.821615 0.595052 0.821615
2 0.352865 0.408854 0.378906 0.408854 0.378906 0.382812 0.352865 0.382812
