0 0.000000 0.436198 0.000000 0.532552 0.257812 0.000000 0.212240 0.000000
1 0.572917 0.139323 0.625000 0.139323 0.625000 0.087240 0.572917 0.087240
1 0.643229 0.115885 0.695312 0.115885 0.695312 0.063802 0.643229 0.063802
1 0.714844 0.325521 0.766927 0.325521 0.766927 0.273438 0.714844 0.273438
1 0.751302 0.371094 0.803385 0.371094 0.803385 0.319010 0.751302 0.319010
1 0.756510 0.893229 0.808594 0.893229 0.808594 0.841146 0.756510 0.841146
2 0.212240 0.450521 0.238281 0.450521 0.238281 0.424479 0.212240 0.424479
2 0.971354 0.617188 0.997396 0.617188 0.997396 0.591146 0.971354 0.591146
2 0.652344 0.201823 0.678385 0.201823 0.678385 0.175781 0.652344 0.175781
2 0.968750 0.444010 0.994792 0.444010 0.994792 0.417969 0.968750 0.417969
2 0.028646 0.651042 0.054688 0.651042 0.054688 0.625000 0.028646 0.625000
