0 0.998698 0.248698 0.998698 0.186198 0.713542 -0.000000 0.618490 0.000000
1 0.652344 0.111979 0.704427 0.111979 0.704427 0.059896 0.652344 0.059896
1 0.520833 0.214844 0.572917 0.214844 0.572917 0.162760 0.520833 0.162760
1 0.207031 0.600260 0.259115 0.600260 0.259115 0.548177 0.207031 0.548177
2 0.944010 0.548177 0.970052 0.548177 0.970052 0.522135 0.944010 0.522135
2 0.578125 0.588542 0.604167 0.588542 0.604167 0.562500 0.578125 0.562500
2 0.501302 0.132812 0.527344 0.132812 0.527344 0.106771 0.501302 0.106771
2 0.809896 0.897135 0.835938 0.897135 0.835938 0.871094 0.809896 0.871094
2 0.851562 0.550781 0.877604 0.550781 0.877604 0.524740 0.851562 0.524740
2 0.397135 0.625000 0.423177 0.625000 0.423177 0.598958 0.397135 0.598958
2 0.821615 0.404948 0.847656 0.404948 0.847656 0.378906 0.821615 0.378906
2 0.382812 0.647135 0.408854 0.647135 0.408854 0.621094 0.382812 0.621094
