0 0.998698 0.949219 0.998698 0.854167 0.001302 0.375000 0.000000 0.470052
1 0.873698 0.111979 0.925781 0.111979 0.925781 0.059896 0.873698 0.059896
1 0.747396 0.136719 0.799479 0.136719 0.799479 0.084635 0.747396 0.084635
1 0.445312 0.225260 0.497396 0.225260 0.497396 0.173177 0.445312 0.173177
1 0.093750 0.054688 0.145833 0.054688 0.145833 0.002604 0.093750 0.002604
1 0.481771 0.329427 0.533854 0.329427 0.533854 0.277344 0.481771 0.277344
1 0.341146 0.319010 0.393229 0.319010 0.393229 0.266927 0.341146 0.266927
1 0.177083 0.242188 0.229167 0.242188 0.229167 0.190104 0.177083 0.190104
1 0.118490 0.300781 0.170573 0.300781 0.170573 0.248698 0.118490 0.248698
2 0.875000 0.455729 0.901042 0.455729 0.901042 0.429688 0.875000 0.429688
2 0.096354 0.457031 0.122396 0.457031 0.122396 0.430990 0.096354 0.430990
2 0.434896 0.589844 0.460938 0.589844 0.460938 0.563802 0.434896 0.563802
2 0.476562 0.378906 0.502604 0.378906 0.502604 0.352865 0.476562 0.352865
2 0.462240 0.170573 0.488281 0.170573 0.488281 0.144531 0.462240 0.144531
2 0.812500 0.165365 0.838542 0.165365 0.838542 0.139323 0.812500 0.139323
2 0.108073 0.549479 0.134115 0.549479 0.134115 0.523438 0.108073 0.523438
