0 0.001302 0.091146 0.001302 0.121094 0.397135 0.000000 0.300781 0.000000
1 0.675781 0.028646 0.727865 0.028646 0.727865 0.000000 0.675781 0.000000
1 0.031250 0.416667 0.083333 0.416667 0.083333 0.364583 0.031250 0.364583
1 0.259115 0.536458 0.311198 0.536458 0.311198 0.484375 0.259115 0.484375
1 0.880208 0.428385 0.932292 0.428385 0.932292 0.376302 0.880208 0.376302
2 0.187500 0.998698 0.213542 0.998698 0.213542 0.973958 0.187500 0.973958
2 0.190104 0.209635 0.216146 0.209635 0.216146 0.183594 0.190104 0.183594
2 0.148438 0.602865 0.174479 0.602865 0.174479 0.576823 0.148438 0.576823
2 0.509115 0.356771 0.535156 0.356771 0.535156 0.330729 0.509115 0.330729
2 0.209635 0.447917 0.235677 0.447917 0.235677 0.421875 0.209635 0.421875
2 0.798177 0.240885 0.824219 0.240885 0.824219 0.214844 0.798177 0.214844
2 0.687500 0.410156 0.713542 0.410156 0.713542 0.384115 0.687500 0.384115
