0 0.000000 0.583333 0.000000 0.678385 0.997396 0.393229 0.994792 0.298177
1 0.442708 0.507812 0.494792 0.507812 0.494792 0.455729 0.442708 0.455729
1 0.700521 0.462240 0.752604 0.462240 0.752604 0.410156 0.700521 0.410156
1 0.337240 0.808594 0.389323 0.808594 0.389323 0.756510 0.337240 0.756510
1 0.312500 0.815104 0.364583 0.815104 0.364583 0.763021 0.312500 0.763021
2 0.592448 0.552083 0.618490 0.552083 0.618490 0.526042 0.592448 0.526042
2 0.154948 0.729167 0.180990 0.729167 0.180990 0.703125 0.154948 0.703125
2 0.437500 0.106771 0.463542 0.106771 0.463542 0.080729 0.437500 0.080729
2 0.194010 0.584635 0.220052 0.584635 0.220052 0.558594 0.194010 0.558594
2 0.707031 0.571615 0.733073 0.571615 0.733073 0.545573 0.707031 0.545573
2 0.625000 0.190104 0.651042 0.190104 0.651042 0.164062 0.625000 0.164062
2 0.376302 0.179688 0.402344 0.179688 0.402344 0.153646 0.376302 0.153646
2 0.662760 0.800781 0.688802 0.800781 0.688802 0.774740 0.662760 0.774740
