0 0.050781 0.998698 0.145833 0.998698 0.625000 0.001302 0.529948 0.000000
1 0.888021 0.925781 0.940104 0.925781 0.940104 0.873698 0.888021 0.873698
1 0.863281 0.799479 0.915365 0.799479 0.915365 0.747396 0.863281 0.747396
1 0.774740 0.497396 0.826823 0.497396 0.826823 0.445312 0.774740 0.445312
1 0.945312 0.145833 0.997396 0.145833 0.997396 0.093750 0.945312 0.093750
1 0.670573 0.533854 0.722656 0.533854 0.722656 0.481771 0.670573 0.481771
1 0.680990 0.393229 0.733073 0.393229 0.733073 0.341146 0.680990 0.341146
1 0.757812 0.229167 0.809896 0.229167 0.809896 0.177083 0.757812 0.177083
1 0.699219 0.170573 0.751302 0.170573 0.751302 0.118490 0.699219 0.118490
2 0.544271 0.901042 0.570313 0.901042 0.570313 0.875000 0.544271 0.875000
2 0.542969 0.122396 0.569010 0.122396 0.569010 0.096354 0.542969 0.096354
2 0.410156 0.460938 0.436198 0.460938 0.436198 0.434896 0.410156 0.434896
2 0.621094 0.502604 0.647135 0.502604 0.647135 0.476562 0.621094 0.476562
2 0.829427 0.488281 0.855469 0.488281 0.855469 0.462240 0.829427 0.462240
2 0.834635 0.838542 0.860677 0.838542 0.860677 0.812500 0.834635 0.812500
2 0.450521 0.134115 0.476562 0.134115 0.476562 0.108073 0.450521 0.108073
