0 0.992188 0.347656 0.990885 0.236979 0.000000 0.123698 0.000000 0.234375
1 0.971354 0.058594 0.998698 0.058594 0.998698 0.006510 0.971354 0.006510
1 0.680990 0.075521 0.733073 0.075521 0.733073 0.023438 0.680990 0.023438
1 0.148438 0.148438 0.200521 0.148438 0.200521 0.096354 0.148438 0.096354
1 0.230469 0.367188 0.282552 0.367188 0.282552 0.315104 0.230469 0.315104
1 0.613281 0.436198 0.665365 0.436198 0.665365 0.384115 0.613281 0.384115
1 0.457031 0.444010 0.509115 0.444010 0.509115 0.391927 0.457031 0.391927
1 0.319010 0.743490 0.371094 0.743490 0.371094 0.691406 0.319010 0.691406
1 0.795573 0.928385 0.847656 0.928385 0.847656 0.876302 0.795573 0.876302
2 0.114583 0.902344 0.140625 0.902344 0.140625 0.876302 0.114583 0.876302
2 0.697917 0.602865 0.723958 0.602865 0.723958 0.576823 0.697917 0.576823
2 0.184896 0.963542 0.210938 0.963542 0.210938 0.937500 0.184896 0.937500
2 0.752604 0.136719 0.778646 0.136719 0.778646 0.110677 0.752604 0.110677
2 0.445312 0.519531 0.471354 0.519531 0.471354 0.493490 0.445312 0.493490
2 0.472656 0.524740 0.498698 0.524740 0.498698 0.498698 0.472656 0.498698
2 0.212240 0.049479 0.238281 0.049479 0.238281 0.023438 0.212240 0.023438
2 0.470052 0.549479 0.496094 0.549479 0.496094 0.523438 0.470052 0.523438
