0 0.678385 0.975260 0.789062 0.979167 0.742188 -0.000000 0.631510 0.000000
1 0.203125 0.902344 0.255208 0.902344 0.255208 0.850260 0.203125 0.850260
1 0.217448 0.617188 0.269531 0.617188 0.269531 0.565104 0.217448 0.565104
1 0.391927 0.998698 0.444010 0.998698 0.444010 0.973958 0.391927 0.973958
1 0.437500 0.839844 0.489583 0.839844 0.489583 0.787760 0.437500 0.787760
1 0.704427 0.463542 0.756510 0.463542 0.756510 0.411458 0.704427 0.411458
1 0.743490 0.746094 0.795573 0.746094 0.795573 0.694010 0.743490 0.694010
2 0.180990 0.932292 0.207031 0.932292 0.207031 0.906250 0.180990 0.906250
2 0.033854 0.050781 0.059896 0.050781 0.059896 0.024740 0.033854 0.024740
2 0.770833 0.744792 0.796875 0.744792 0.796875 0.718750 0.770833 0.718750
2 0.558594 0.652344 0.584635 0.652344 0.584635 0.626302 0.558594 0.626302
2 0.421875 0.527344 0.447917 0.527344 0.447917 0.501302 0.421875 0.501302
2 0.350260 0.139323 0.376302 0.139323 0.376302 0.113281 0.350260 0.113281
2 0.100260 0.908854 0.126302 0.908854 0.126302 0.882812 0.100260 0.882812
