0 0.000000 0.592448 0.000000 0.703125 0.996094 0.557292 0.997396 0.446615
1 0.841146 0.710938 0.893229 0.710938 0.893229 0.658854 0.841146 0.658854
1 0.229167 0.484375 0.281250 0.484375 0.281250 0.432292 0.229167 0.432292
1 0.346354 0.388021 0.398438 0.388021 0.398438 0.335938 0.346354 0.335938
1 0.092448 0.268229 0.144531 0.268229 0.144531 0.216146 0.092448 0.216146
1 0.084635 0.216146 0.136719 0.216146 0.136719 0.164062 0.084635 0.164062
1 0.651042 0.131510 0.703125 0.131510 0.703125 0.079427 0.651042 0.079427
1 0.329427 0.075521 0.381510 0.075521 0.381510 0.023438 0.329427 0.023438
2 0.128906 0.316406 0.154948 0.316406 0.154948 0.290365 0.128906 0.290365
2 0.109375 0.897135 0.135417 0.897135 0.135417 0.871094 0.109375 0.871094
2 0.065104 0.246094 0.091146 0.246094 0.091146 0.220052 0.065104 0.220052
