0 0.764323 0.990885 0.875000 0.992188 0.763021 -0.000000 0.652344 0.000000
1 0.044271 0.914062 0.096354 0.914062 0.096354 0.861979 0.044271 0.861979
1 0.167969 0.847656 0.220052 0.847656 0.220052 0.795573 0.167969 0.795573
1 0.173177 0.638021 0.225260 0.638021 0.225260 0.585938 0.173177 0.585938
1 0.209635 0.738281 0.261719 0.738281 0.261719 0.686198 0.209635 0.686198
1 0.326823 0.148438 0.378906 0.148438 0.378906 0.096354 0.326823 0.096354
1 0.718750 0.838542 0.770833 0.838542 0.770833 0.786458 0.718750 0.786458
1 0.726562 0.208333 0.778646 0.208333 0.778646 0.156250 0.726562 0.156250
1 0.950521 0.575521 0.998698 0.575521 0.998698 0.523437 0.950521 0.523437
2 0.924479 0.789062 0.950521 0.789062 0.950521 0.763021 0.924479 0.763021
2 0.606771 0.774740 0.632813 0.774740 0.632812 0.748698 0.606771 0.748698
2 0.515625 0.890625 0.541667 0.890625 0.541667 0.864583 0.515625 0.864583
2 0.531250 0.337240 0.557292 0.337240 0.557292 0.311198 0.531250 0.311198
2 0.325521 0.125000 0.351562 0.125000 0.351562 0.098958 0.325521 0.098958
2 0.671875 0.636719 0.697917 0.636719 0.697917 0.610677 0.671875 0.610677
2 0.839844 0.984375 0.865885 0.984375 0.865885 0.958333 0.839844 0.958333
