0 0.510417 1.000000 0.619792 1.000000 0.524740 0.013021 0.414062 0.010417
1 0.723958 0.946615 0.776042 0.946615 0.776042 0.894531 0.723958 0.894531
1 0.611979 0.330729 0.664062 0.330729 0.664062 0.278646 0.611979 0.278646
1 0.575521 0.751302 0.627604 0.751302 0.627604 0.699219 0.575521 0.699219
1 0.423177 0.794271 0.475260 0.794271 0.475260 0.742188 0.423177 0.742188
1 0.265625 0.257812 0.317708 0.257812 0.317708 0.205729 0.265625 0.205729
1 0.255208 0.705729 0.307292 0.705729 0.307292 0.653646 0.255208 0.653646
1 0.200521 0.944010 0.252604 0.944010 0.252604 0.891927 0.200521 0.891927
1 0.134115 0.795573 0.186198 0.795573 0.186198 0.743490 0.134115 0.743490
2 0.770833 0.317708 0.796875 0.317708 0.796875 0.291667 0.770833 0.291667
2 0.867188 0.255208 0.893229 0.255208 0.893229 0.229167 0.867188 0.229167
2 0.907552 0.381510 0.933594 0.381510 0.933594 0.355469 0.907552 0.355469
2 0.200521 0.397135 0.226562 0.397135 0.226562 0.371094 0.200521 0.371094
2 0.326823 0.882812 0.352865 0.882812 0.352865 0.856771 0.326823 0.856771
