0 0.001302 1.000000 0.001302 1.000000 1.000000 0.924479 0.024740 0.901042
1 0.023437 0.880208 0.075521 0.880208 0.075521 0.828125 0.023437 0.828125
1 0.598958 0.817708 0.651042 0.817708 0.651042 0.765625 0.598958 0.765625
1 0.861979 0.691406 0.914062 0.691406 0.914062 0.639323 0.861979 0.639323
1 0.160156 0.572917 0.212240 0.572917 0.212240 0.520833 0.160156 0.520833
1 0.010417 0.386719 0.062500 0.386719 0.062500 0.334635 0.010417 0.334635
1 0.744792 0.141927 0.796875 0.141927 0.796875 0.089844 0.744792 0.089844
2 0.886719 0.692708 0.912760 0.692708 0.912760 0.666667 0.886719 0.666667
2 0.667969 0.036458 0.694010 0.036458 0.694010 0.010417 0.667969 0.010417
2 0.220052 0.259115 0.246094 0.259115 0.246094 0.233073 0.220052 0.233073
