0 0.500000 1.000000 0.610677 1.000000 0.634115 0.050781 0.524740 0.003906
1 0.058594 0.489583 0.110677 0.489583 0.110677 0.437500 0.058594 0.437500
1 0.074219 0.803385 0.126302 0.803385 0.126302 0.751302 0.074219 0.751302
1 0.420573 0.602865 0.472656 0.602865 0.472656 0.550781 0.420573 0.550781
1 0.621094 0.868490 0.673177 0.868490 0.673177 0.816406 0.621094 0.816406
1 0.625000 0.765625 0.677083 0.765625 0.677083 0.713542 0.625000 0.713542
1 0.812500 0.483073 0.864583 0.483073 0.864583 0.430990 0.812500 0.430990
2 0.473958 0.475260 0.500000 0.475260 0.500000 0.449219 0.473958 0.449219
2 0.516927 0.891927 0.542969 0.891927 0.542969 0.865885 0.516927 0.865885
2 0.127604 0.779948 0.153646 0.779948 0.153646 0.753906 0.127604 0.753906
