0 0.000000 0.239583 0.000000 0.350260 0.997396 0.177083 0.998698 0.066406
1 0.312500 0.977865 0.364583 0.977865 0.364583 0.925781 0.312500 0.925781
1 0.569010 0.773438 0.621094 0.773438 0.621094 0.721354 0.569010 0.721354
1 0.621094 0.765625 0.673177 0.765625 0.673177 0.713542 0.621094 0.713542
1 0.798177 0.575521 0.850260 0.575521 0.850260 0.523437 0.798177 0.523438
1 0.268229 0.403646 0.320312 0.403646 0.320312 0.351562 0.268229 0.351562
1 0.723958 0.298177 0.776042 0.298177 0.776042 0.246094 0.723958 0.246094
1 0.757812 0.187500 0.809896 0.187500 0.809896 0.135417 0.757812 0.135417
1 0.753906 0.160156 0.805990 0.160156 0.805990 0.108073 0.753906 0.108073
2 0.384115 0.914062 0.410156 0.914062 0.410156 0.888021 0.384115 0.888021
2 0.919271 0.028646 0.945312 0.028646 0.945312 0.002604 0.919271 0.002604
2 0.845052 0.994792 0.871094 0.994792 0.871094 0.968750 0.845052 0.968750
2 0.260417 0.355469 0.286458 0.355469 0.286458 0.329427 0.260417 0.329427
2 0.916667 0.636719 0.942708 0.636719 0.942708 0.610677 0.916667 0.610677
