0 0.013021 0.821615 1.000000 0.881510 1.000000 0.770833 0.010417 0.710938
1 0.470052 1.000000 0.522135 1.000000 0.522135 0.970052 0.470052 0.970052
1 0.005208 0.968750 0.057292 0.968750 0.057292 0.916667 0.005208 0.916667
1 0.117187 0.819010 0.169271 0.819010 0.169271 0.766927 0.117188 0.766927
1 0.540365 0.738281 0.592448 0.738281 0.592448 0.686198 0.540365 0.686198
1 0.115885 0.401042 0.167969 0.401042 0.167969 0.348958 0.115885 0.348958
1 0.421875 0.106771 0.473958 0.106771 0.473958 0.054688 0.421875 0.054688
2 0.290365 0.097656 0.316406 0.097656 0.316406 0.071615 0.290365 0.071615
2 0.032552 0.944010 0.058594 0.944010 0.058594 0.917969 0.032552 0.917969
2 0.449219 0.054688 0.475260 0.054688 0.475260 0.028646 0.449219 0.028646
2 0.921875 0.891927 0.947917 0.891927 0.947917 0.865885 0.921875 0.865885
2 0.391927 0.156250 0.417969 0.156250 0.417969 0.130208 0.391927 0.130208
2 0.399740 0.026042 0.425781 0.026042 0.425781 0.001302 0.399740 0.001302
2 0.869792 0.472656 0.895833 0.472656 0.895833 0.446615 0.869792 0.446615
