0 0.000000 0.993490 0.079427 0.998698 0.989583 0.936198 0.000000 0.882812
1 0.355469 0.283854 0.407552 0.283854 0.407552 0.231771 0.355469 0.231771
1 0.430990 0.315104 0.483073 0.315104 0.483073 0.263021 0.430990 0.263021
1 0.915365 0.522135 0.967448 0.522135 0.967448 0.470052 0.915365 0.470052
1 0.027344 0.553385 0.079427 0.553385 0.079427 0.501302 0.027344 0.501302
1 0.000000 0.683594 0.049479 0.683594 0.049479 0.631510 0.000000 0.631510
1 0.013021 0.813802 0.065104 0.813802 0.065104 0.761719 0.013021 0.761719
1 0.662760 0.899740 0.714844 0.899740 0.714844 0.847656 0.662760 0.847656
2 0.619792 0.690104 0.645833 0.690104 0.645833 0.664062 0.619792 0.664062
2 0.910156 0.130208 0.936198 0.130208 0.936198 0.104167 0.910156 0.104167
2 0.472656 0.028646 0.498698 0.028646 0.498698 0.002604 0.472656 0.002604
2 0.652344 0.611979 0.678385 0.611979 0.678385 0.585938 0.652344 0.585938
2 0.497396 0.083333 0.523438 0.083333 0.523438 0.057292 0.497396 0.057292
2 0.578125 0.503906 0.604167 0.503906 0.604167 0.477865 0.578125 0.477865
