0 0.000000 0.334635 0.988281 0.356771 0.979167 0.246094 0.000000 0.223958
1 0.165365 0.311198 0.217448 0.311198 0.217448 0.259115 0.165365 0.259115
1 0.940104 0.665365 0.992188 0.665365 0.992188 0.613281 0.940104 0.613281
1 0.805990 0.792969 0.858073 0.792969 0.858073 0.740885 0.805990 0.740885
1 0.227865 0.963542 0.279948 0.963542 0.279948 0.911458 0.227865 0.911458
2 0.678385 0.710938 0.704427 0.710938 0.704427 0.684896 0.678385 0.684896
2 0.859375 0.768229 0.885417 0.768229 0.885417 0.742188 0.859375 0.742188
2 0.481771 0.161458 0.507813 0.161458 0.507813 0.135417 0.481771 0.135417
2 0.740885 0.192708 0.766927 0.192708 0.766927 0.166667 0.740885 0.166667
2 0.132812 0.673177 0.158854 0.673177 0.158854 0.647135 0.132812 0.647135
2 0.268229 0.389323 0.294271 0.389323 0.294271 0.363281 0.268229 0.363281
2 0.722656 0.998698 0.748698 0.998698 0.748698 0.972656 0.722656 0.972656
2 0.450521 0.419271 0.476562 0.419271 0.476562 0.393229 0.450521 0.393229
