0 0.876302 1.000000 0.985677 1.000000 0.998698 0.720052 0.917969 0.011719
1 0.000000 0.402344 0.033854 0.402344 0.033854 0.350260 0.000000 0.350260
1 0.083333 0.537760 0.135417 0.537760 0.135417 0.485677 0.083333 0.485677
1 0.125000 0.095052 0.177083 0.095052 0.177083 0.042969 0.125000 0.042969
1 0.145833 0.877604 0.197917 0.877604 0.197917 0.825521 0.145833 0.825521
1 0.424479 0.472656 0.476562 0.472656 0.476562 0.420573 0.424479 0.420573
1 0.441406 0.628906 0.493490 0.628906 0.493490 0.576823 0.441406 0.576823
1 0.505208 0.423177 0.557292 0.423177 0.557292 0.371094 0.505208 0.371094
1 0.852865 0.177083 0.904948 0.177083 0.904948 0.125000 0.852865 0.125000
2 0.579427 0.479167 0.605469 0.479167 0.605469 0.453125 0.579427 0.453125
2 0.404948 0.863281 0.430990 0.863281 0.430990 0.837240 0.404948 0.837240
2 0.667969 0.821615 0.694010 0.821615 0.694010 0.795573 0.667969 0.795573
