0 0.914062 1.000000 0.998698 1.000000 0.998698 1.000000 0.998698 0.475260
1 0.000000 0.580729 0.041667 0.580729 0.041667 0.528646 0.000000 0.528646
1 0.118490 0.101562 0.170573 0.101562 0.170573 0.049479 0.118490 0.049479
1 0.248698 0.779948 0.300781 0.779948 0.300781 0.727865 0.248698 0.727865
1 0.686198 1.000000 0.738281 1.000000 0.738281 0.955729 0.686198 0.955729
1 0.805990 0.421875 0.858073 0.421875 0.858073 0.369792 0.805990 0.369792
1 0.933594 0.785156 0.985677 0.785156 0.985677 0.733073 0.933594 0.733073
2 0.078125 0.514323 0.104167 0.514323 0.104167 0.488281 0.078125 0.488281
2 0.417969 0.199219 0.444010 0.199219 0.444010 0.173177 0.417969 0.173177
2 0.328125 0.264323 0.354167 0.264323 0.354167 0.238281 0.328125 0.238281
2 0.207031 0.191406 0.233073 0.191406 0.233073 0.165365 0.207031 0.165365
2 0.173177 0.082031 0.199219 0.082031 0.199219 0.055990 0.173177 0.055990
2 0.217448 0.800781 0.243490 0.800781 0.243490 0.774740 0.217448 0.774740
2 0.194010 0.111979 0.220052 0.111979 0.220052 0.085938 0.194010 0.085938
2 0.441406 0.888021 0.467448 0.888021 0.467448 0.861979 0.441406 0.861979
