0 0.000000 0.454427 0.973958 0.483073 0.967448 0.372396 0.000000 0.343750
1 0.273438 0.208333 0.325521 0.208333 0.325521 0.156250 0.273438 0.156250
1 0.535156 0.214844 0.587240 0.214844 0.587240 0.162760 0.535156 0.162760
1 0.819010 0.248698 0.871094 0.248698 0.871094 0.196615 0.819010 0.196615
1 0.460937 0.993490 0.513021 0.993490 0.513021 0.941406 0.460937 0.941406
1 0.694010 0.998698 0.746094 0.998698 0.746094 0.947917 0.694010 0.947917
2 0.591146 0.059896 0.617188 0.059896 0.617188 0.033854 0.591146 0.033854
2 0.691406 0.192708 0.717448 0.192708 0.717448 0.166667 0.691406 0.166667
2 0.955729 0.042969 0.981771 0.042969 0.981771 0.016927 0.955729 0.016927
2 0.356771 0.911458 0.382812 0.911458 0.382812 0.885417 0.356771 0.885417
2 0.561198 0.214844 0.587240 0.214844 0.587240 0.188802 0.561198 0.188802
2 0.569010 0.867188 0.595052 0.867188 0.595052 0.841146 0.569010 0.841146
2 0.292969 0.416667 0.319010 0.416667 0.319010 0.390625 0.292969 0.390625
