0 0.924479 1.000000 1.000000 0.001302 1.000000 0.001302 0.901042 0.024740
1 0.828125 0.075521 0.880208 0.075521 0.880208 0.023438 0.828125 0.023438
1 0.765625 0.651042 0.817708 0.651042 0.817708 0.598958 0.765625 0.598958
1 0.639323 0.914062 0.691406 0.914062 0.691406 0.861979 0.639323 0.861979
1 0.520833 0.212240 0.572917 0.212240 0.572917 0.160156 0.520833 0.160156
1 0.334635 0.062500 0.386719 0.062500 0.386719 0.010417 0.334635 0.010417
1 0.089844 0.796875 0.141927 0.796875 0.141927 0.744792 0.089844 0.744792
2 0.666667 0.912760 0.692708 0.912760 0.692708 0.886719 0.666667 0.886719
2 0.010417 0.694010 0.036458 0.694010 0.036458 0.667969 0.010417 0.667969
2 0.233073 0.246094 0.259115 0.246094 0.259115 0.220052 0.233073 0.220052
