0 0.858073 0.985677 0.968750 0.983073 1.000000 0.552083 0.929688 0.000000
1 0.054688 0.574219 0.106771 0.574219 0.106771 0.522135 0.054688 0.522135
2 0.186198 0.894531 0.212240 0.894531 0.212240 0.868490 0.186198 0.868490
2 0.557292 0.817708 0.583333 0.817708 0.583333 0.791667 0.557292 0.791667
2 0.692708 0.748698 0.718750 0.748698 0.718750 0.722656 0.692708 0.722656
2 0.368490 0.908854 0.394531 0.908854 0.394531 0.882812 0.368490 0.882812
2 0.630208 0.535156 0.656250 0.535156 0.656250 0.509115 0.630208 0.509115
2 0.839844 0.134115 0.865885 0.134115 0.865885 0.108073 0.839844 0.108073
2 0.440104 0.966146 0.466146 0.966146 0.466146 0.940104 0.440104 0.940104
2 0.867188 0.500000 0.893229 0.500000 0.893229 0.473958 0.867188 0.473958
