0 0.000000 0.110677 0.994792 0.031250 0.000000 0.001302 0.000000 0.001302
1 0.794271 0.970052 0.846354 0.970052 0.846354 0.917969 0.794271 0.917969
1 0.005208 0.877604 0.057292 0.877604 0.057292 0.825521 0.005208 0.825521
1 0.940104 0.802083 0.992188 0.802083 0.992188 0.750000 0.940104 0.750000
1 0.311198 0.799479 0.363281 0.799479 0.363281 0.747396 0.311198 0.747396
1 0.000000 0.670573 0.039062 0.670573 0.039062 0.618490 0.000000 0.618490
1 0.671875 0.407552 0.723958 0.407552 0.723958 0.355469 0.671875 0.355469
1 0.067708 0.036458 0.119792 0.036458 0.119792 0.001302 0.067708 0.001302
2 0.162760 0.891927 0.188802 0.891927 0.188802 0.865885 0.162760 0.865885
2 0.830729 0.395833 0.856771 0.395833 0.856771 0.369792 0.830729 0.369792
