0 0.014323 0.341146 1.000000 0.403646 1.000000 0.292969 0.011719 0.230469
1 0.635417 0.876302 0.687500 0.876302 0.687500 0.824219 0.635417 0.824219
1 0.115885 0.843750 0.167969 0.843750 0.167969 0.791667 0.115885 0.791667
1 0.001302 0.783854 0.040365 0.783854 0.040365 0.731771 0.001302 0.731771
1 0.511719 0.764323 0.563802 0.764323 0.563802 0.712240 0.511719 0.712240
1 0.075521 0.657552 0.127604 0.657552 0.127604 0.605469 0.075521 0.605469
1 0.001302 0.601562 0.053385 0.601562 0.053385 0.549479 0.001302 0.549479
1 0.471354 0.579427 0.523438 0.579427 0.523438 0.527344 0.471354 0.527344
1 0.842448 0.079427 0.894531 0.079427 0.894531 0.027344 0.842448 0.027344
2 0.001302 0.339844 0.016927 0.339844 0.016927 0.313802 0.001302 0.313802
2 0.923177 0.424479 0.949219 0.424479 0.949219 0.398438 0.923177 0.398438
2 0.664062 0.825521 0.690104 0.825521 0.690104 0.799479 0.664062 0.799479
2 0.451823 0.055990 0.477865 0.055990 0.477865 0.029948 0.451823 0.029948
2 0.341146 0.985677 0.367188 0.985677 0.367188 0.959635 0.341146 0.959635
