0 0.009115 0.936198 1.000000 0.826823 1.000000 0.716146 0.010417 0.825521
1 0.402344 0.350260 0.454427 0.350260 0.454427 0.298177 0.402344 0.298177
1 0.143229 0.377604 0.195312 0.377604 0.195312 0.325521 0.143229 0.325521
1 0.247396 0.602865 0.299479 0.602865 0.299479 0.550781 0.247396 0.550781
1 0.691406 0.579427 0.743490 0.579427 0.743490 0.527344 0.691406 0.527344
1 0.537760 0.860677 0.589844 0.860677 0.589844 0.808594 0.537760 0.808594
1 0.868490 0.998698 0.920573 0.998698 0.920573 0.953125 0.868490 0.953125
2 0.514323 0.154948 0.540365 0.154948 0.540365 0.128906 0.514323 0.128906
2 0.554688 0.518229 0.580729 0.518229 0.580729 0.492188 0.554688 0.492188
2 0.928385 0.819010 0.954427 0.819010 0.954427 0.792969 0.928385 0.792969
2 0.085937 0.071615 0.111979 0.071615 0.111979 0.045573 0.085937 0.045573
