0 0.117188 0.976562 0.227865 0.980469 0.173177 0.000000 0.062500 0.000000
1 0.144531 0.699219 0.196615 0.699219 0.196615 0.647135 0.144531 0.647135
1 0.242188 0.589844 0.294271 0.589844 0.294271 0.537760 0.242188 0.537760
1 0.242188 0.617188 0.294271 0.617188 0.294271 0.565104 0.242188 0.565104
1 0.406250 0.268229 0.458333 0.268229 0.458333 0.216146 0.406250 0.216146
1 0.930990 0.763021 0.983073 0.763021 0.983073 0.710938 0.930990 0.710938
2 0.815104 0.584635 0.841146 0.584635 0.841146 0.558594 0.815104 0.558594
2 0.848958 0.713542 0.875000 0.713542 0.875000 0.687500 0.848958 0.687500
2 0.115885 0.205729 0.141927 0.205729 0.141927 0.179688 0.115885 0.179688
2 0.516927 0.342448 0.542969 0.342448 0.542969 0.316406 0.516927 0.316406
