0 0.010417 0.289062 1.000000 0.229167 1.000000 0.118490 0.013021 0.178385
1 0.470052 0.029948 0.522135 0.029948 0.522135 0.000000 0.470052 0.000000
1 0.005208 0.083333 0.057292 0.083333 0.057292 0.031250 0.005208 0.031250
1 0.117188 0.233073 0.169271 0.233073 0.169271 0.180990 0.117188 0.180990
1 0.540365 0.313802 0.592448 0.313802 0.592448 0.261719 0.540365 0.261719
1 0.115885 0.651042 0.167969 0.651042 0.167969 0.598958 0.115885 0.598958
1 0.421875 0.945312 0.473958 0.945312 0.473958 0.893229 0.421875 0.893229
2 0.290365 0.928385 0.316406 0.928385 0.316406 0.902344 0.290365 0.902344
2 0.032552 0.082031 0.058594 0.082031 0.058594 0.055990 0.032552 0.055990
2 0.449219 0.971354 0.475260 0.971354 0.475260 0.945312 0.449219 0.945312
2 0.921875 0.134115 0.947917 0.134115 0.947917 0.108073 0.921875 0.108073
2 0.391927 0.869792 0.417969 0.869792 0.417969 0.843750 0.391927 0.843750
2 0.399740 0.998698 0.425781 0.998698 0.425781 0.973958 0.399740 0.973958
2 0.869792 0.553385 0.895833 0.553385 0.895833 0.527344 0.869792 0.527344
