0 0.000000 0.795573 0.998698 0.843750 0.994792 0.733073 0.000000 0.684896
1 0.834635 0.048177 0.886719 0.048177 0.886719 0.000000 0.834635 0.000000
1 0.910156 0.649740 0.962240 0.649740 0.962240 0.597656 0.910156 0.597656
1 0.000000 0.686198 0.046875 0.686198 0.046875 0.634115 0.000000 0.634115
1 0.740885 0.902344 0.792969 0.902344 0.792969 0.850260 0.740885 0.850260
1 0.480469 0.915365 0.532552 0.915365 0.532552 0.863281 0.480469 0.863281
2 0.399740 0.416667 0.425781 0.416667 0.425781 0.390625 0.399740 0.390625
2 0.134115 0.483073 0.160156 0.483073 0.160156 0.457031 0.134115 0.457031
2 0.509115 0.838542 0.535156 0.838542 0.535156 0.812500 0.509115 0.812500
2 0.605469 0.998698 0.631510 0.998698 0.631510 0.975260 0.605469 0.975260
2 0.065104 0.295573 0.091146 0.295573 0.091146 0.269531 0.065104 0.269531
2 0.027344 0.555990 0.053385 0.555990 0.053385 0.529948 0.027344 0.529948
2 0.302083 0.828125 0.328125 0.828125 0.328125 0.802083 0.302083 0.802083
2 0.768229 0.355469 0.794271 0.355469 0.794271 0.329427 0.768229 0.329427
