0 0.000000 0.619792 0.986979 0.524740 0.989583 0.414062 0.000000 0.510417
1 0.053385 0.776042 0.105469 0.776042 0.105469 0.723958 0.053385 0.723958
1 0.669271 0.664062 0.721354 0.664062 0.721354 0.611979 0.669271 0.611979
1 0.248698 0.627604 0.300781 0.627604 0.300781 0.575521 0.248698 0.575521
1 0.205729 0.475260 0.257812 0.475260 0.257812 0.423177 0.205729 0.423177
1 0.742188 0.317708 0.794271 0.317708 0.794271 0.265625 0.742188 0.265625
1 0.294271 0.307292 0.346354 0.307292 0.346354 0.255208 0.294271 0.255208
1 0.055990 0.252604 0.108073 0.252604 0.108073 0.200521 0.055990 0.200521
1 0.204427 0.186198 0.256510 0.186198 0.256510 0.134115 0.204427 0.134115
2 0.682292 0.796875 0.708333 0.796875 0.708333 0.770833 0.682292 0.770833
2 0.744792 0.893229 0.770833 0.893229 0.770833 0.867188 0.744792 0.867188
2 0.618490 0.933594 0.644531 0.933594 0.644531 0.907552 0.618490 0.907552
2 0.602865 0.226562 0.628906 0.226562 0.628906 0.200521 0.602865 0.200521
2 0.117188 0.352865 0.143229 0.352865 0.143229 0.326823 0.117188 0.326823
