0 0.778646 1.000000 0.889323 1.000000 0.872396 0.048177 0.761719 0.036458
1 0.925781 1.000000 0.977865 1.000000 0.977865 0.962240 0.925781 0.962240
1 0.888021 0.338542 0.940104 0.338542 0.940104 0.286458 0.888021 0.286458
1 0.743490 1.000000 0.795573 1.000000 0.795573 0.964844 0.743490 0.964844
1 0.649740 0.106771 0.701823 0.106771 0.701823 0.054688 0.649740 0.054688
1 0.601562 0.368490 0.653646 0.368490 0.653646 0.316406 0.601562 0.316406
1 0.399740 0.710938 0.451823 0.710938 0.451823 0.658854 0.399740 0.658854
2 0.165365 0.714844 0.191406 0.714844 0.191406 0.688802 0.165365 0.688802
2 0.845052 0.962240 0.871094 0.962240 0.871094 0.936198 0.845052 0.936198
2 0.079427 0.220052 0.105469 0.220052 0.105469 0.194010 0.079427 0.194010
2 0.449219 0.527344 0.475260 0.527344 0.475260 0.501302 0.449219 0.501302
2 0.243490 0.738281 0.269531 0.738281 0.269531 0.712240 0.243490 0.712240
2 0.781250 0.157552 0.807292 0.157552 0.807292 0.131510 0.781250 0.131510
2 0.738281 0.704427 0.764323 0.704427 0.764323 0.678385 0.738281 0.678385
