0 0.000000 0.315104 0.994792 0.266927 0.998698 0.156250 0.000000 0.204427
1 0.834635 1.000000 0.886719 1.000000 0.886719 0.951823 0.834635 0.951823
1 0.910156 0.402344 0.962240 0.402344 0.962240 0.350260 0.910156 0.350260
1 0.000000 0.365885 0.046875 0.365885 0.046875 0.313802 0.000000 0.313802
1 0.740885 0.149740 0.792969 0.149740 0.792969 0.097656 0.740885 0.097656
1 0.480469 0.136719 0.532552 0.136719 0.532552 0.084635 0.480469 0.084635
2 0.399740 0.609375 0.425781 0.609375 0.425781 0.583333 0.399740 0.583333
2 0.134115 0.542969 0.160156 0.542969 0.160156 0.516927 0.134115 0.516927
2 0.509115 0.187500 0.535156 0.187500 0.535156 0.161458 0.509115 0.161458
2 0.605469 0.024740 0.631510 0.024740 0.631510 0.001302 0.605469 0.001302
2 0.065104 0.730469 0.091146 0.730469 0.091146 0.704427 0.065104 0.704427
2 0.027344 0.470052 0.053385 0.470052 0.053385 0.444010 0.027344 0.444010
2 0.302083 0.197917 0.328125 0.197917 0.328125 0.171875 0.302083 0.171875
2 0.768229 0.670573 0.794271 0.670573 0.794271 0.644531 0.768229 0.644531
