0 0.000000 0.696615 0.997396 0.733073 0.992188 0.622396 0.000000 0.585938
1 0.617188 0.191406 0.669271 0.191406 0.669271 0.139323 0.617188 0.139323
1 0.634115 0.401042 0.686198 0.401042 0.686198 0.348958 0.634115 0.348958
1 0.622396 0.740885 0.674479 0.740885 0.674479 0.688802 0.622396 0.688802
1 0.591146 0.894531 0.643229 0.894531 0.643229 0.842448 0.591146 0.842448
2 0.847656 0.223958 0.873698 0.223958 0.873698 0.197917 0.847656 0.197917
2 0.355469 0.180990 0.381510 0.180990 0.381510 0.154948 0.355469 0.154948
2 0.352865 0.990885 0.378906 0.990885 0.378906 0.964844 0.352865 0.964844
2 0.932292 0.803385 0.958333 0.803385 0.958333 0.777344 0.932292 0.777344
2 0.516927 0.055990 0.542969 0.055990 0.542969 0.029948 0.516927 0.029948
2 0.904948 0.096354 0.930990 0.096354 0.930990 0.070312 0.904948 0.070312
2 0.699219 0.766927 0.725260 0.766927 0.725260 0.740885 0.699219 0.740885
