0 0.802083 1.000000 0.912760 1.000000 0.998698 0.438802 0.954427 0.003906
1 0.152344 0.557292 0.204427 0.557292 0.204427 0.505208 0.152344 0.505208
1 0.419271 0.360677 0.471354 0.360677 0.471354 0.308594 0.419271 0.308594
1 0.662760 0.660156 0.714844 0.660156 0.714844 0.608073 0.662760 0.608073
1 0.718750 0.641927 0.770833 0.641927 0.770833 0.589844 0.718750 0.589844
2 0.695312 0.611979 0.721354 0.611979 0.721354 0.585938 0.695312 0.585938
2 0.621094 0.231771 0.647135 0.231771 0.647135 0.205729 0.621094 0.205729
2 0.641927 0.102865 0.667969 0.102865 0.667969 0.076823 0.641927 0.076823
2 0.496094 0.713542 0.522135 0.713542 0.522135 0.687500 0.496094 0.687500
2 0.468750 0.367188 0.494792 0.367188 0.494792 0.341146 0.468750 0.341146
