0 0.182292 1.000000 0.292969 1.000000 0.136719 0.006510 0.026042 0.005208
1 0.886719 0.963542 0.938802 0.963542 0.938802 0.911458 0.886719 0.911458
1 0.669271 0.416667 0.721354 0.416667 0.721354 0.364583 0.669271 0.364583
1 0.680990 0.838542 0.733073 0.838542 0.733073 0.786458 0.680990 0.786458
1 0.604167 0.505208 0.656250 0.505208 0.656250 0.453125 0.604167 0.453125
1 0.256510 0.824219 0.308594 0.824219 0.308594 0.772135 0.256510 0.772135
1 0.119792 0.106771 0.171875 0.106771 0.171875 0.054688 0.119792 0.054688
1 0.128906 0.845052 0.180990 0.845052 0.180990 0.792969 0.128906 0.792969
2 0.322917 0.553385 0.348958 0.553385 0.348958 0.527344 0.322917 0.527344
2 0.859375 0.785156 0.885417 0.785156 0.885417 0.759115 0.859375 0.759115
2 0.283854 0.980469 0.309896 0.980469 0.309896 0.954427 0.283854 0.954427
2 0.165365 0.550781 0.191406 0.550781 0.191406 0.524740 0.165365 0.524740
2 0.187500 0.705729 0.213542 0.705729 0.213542 0.679688 0.187500 0.679688
2 0.713542 0.518229 0.739583 0.518229 0.739583 0.492187 0.713542 0.492187
2 0.686198 0.522135 0.712240 0.522135 0.712240 0.496094 0.686198 0.496094
2 0.096354 0.798177 0.122396 0.798177 0.122396 0.772135 0.096354 0.772135
