0 0.316406 1.000000 0.427083 1.000000 0.567708 0.009115 0.458333 0.001302
1 0.114583 0.082031 0.166667 0.082031 0.166667 0.029948 0.114583 0.029948
1 0.201823 0.592448 0.253906 0.592448 0.253906 0.540365 0.201823 0.540365
1 0.444010 0.548177 0.496094 0.548177 0.496094 0.496094 0.444010 0.496094
1 0.819010 0.496094 0.871094 0.496094 0.871094 0.444010 0.819010 0.444010
2 0.180990 0.352865 0.207031 0.352865 0.207031 0.326823 0.180990 0.326823
2 0.026042 0.515625 0.052083 0.515625 0.052083 0.489583 0.026042 0.489583
2 0.158854 0.507812 0.184896 0.507812 0.184896 0.481771 0.158854 0.481771
2 0.914062 0.192708 0.940104 0.192708 0.940104 0.166667 0.914062 0.166667
2 0.131510 0.871094 0.157552 0.871094 0.157552 0.845052 0.131510 0.845052
