0 0.649740 1.000000 0.760417 1.000000 0.933594 0.001302 0.822917 0.002604
1 0.022135 0.687500 0.074219 0.687500 0.074219 0.635417 0.022135 0.635417
1 0.226562 0.430990 0.278646 0.430990 0.278646 0.378906 0.226562 0.378906
1 0.234375 0.378906 0.286458 0.378906 0.286458 0.326823 0.234375 0.326823
1 0.424479 0.201823 0.476563 0.201823 0.476563 0.149740 0.424479 0.149740
1 0.596354 0.731771 0.648438 0.731771 0.648438 0.679688 0.596354 0.679688
1 0.701823 0.276042 0.753906 0.276042 0.753906 0.223958 0.701823 0.223958
1 0.812500 0.242188 0.864583 0.242188 0.864583 0.190104 0.812500 0.190104
1 0.839844 0.246094 0.891927 0.246094 0.891927 0.194010 0.839844 0.194010
2 0.085938 0.615885 0.111979 0.615885 0.111979 0.589844 0.085938 0.589844
2 0.971354 0.080729 0.997396 0.080729 0.997396 0.054688 0.971354 0.054688
2 0.005208 0.154948 0.031250 0.154948 0.031250 0.128906 0.005208 0.128906
2 0.644531 0.739583 0.670573 0.739583 0.670573 0.713542 0.644531 0.713542
2 0.363281 0.083333 0.389323 0.083333 0.389323 0.057292 0.363281 0.057292
