0 0.592448 1.000000 0.703125 1.000000 0.557292 0.003906 0.446615 0.002604
1 0.658854 0.158854 0.710938 0.158854 0.710938 0.106771 0.658854 0.106771
1 0.432292 0.770833 0.484375 0.770833 0.484375 0.718750 0.432292 0.718750
1 0.335938 0.653646 0.388021 0.653646 0.388021 0.601562 0.335938 0.601562
1 0.216146 0.907552 0.268229 0.907552 0.268229 0.855469 0.216146 0.855469
1 0.164063 0.915365 0.216146 0.915365 0.216146 0.863281 0.164063 0.863281
1 0.079427 0.348958 0.131510 0.348958 0.131510 0.296875 0.079427 0.296875
1 0.023438 0.670573 0.075521 0.670573 0.075521 0.618490 0.023438 0.618490
2 0.290365 0.871094 0.316406 0.871094 0.316406 0.845052 0.290365 0.845052
2 0.871094 0.890625 0.897135 0.890625 0.897135 0.864583 0.871094 0.864583
2 0.220052 0.934896 0.246094 0.934896 0.246094 0.908854 0.220052 0.908854
