0 0.023438 1.000000 0.134115 1.000000 0.196615 0.007812 0.085938 0.011719
1 0.031250 0.083333 0.083333 0.083333 0.083333 0.031250 0.031250 0.031250
1 0.091146 0.790365 0.143229 0.790365 0.143229 0.738281 0.091146 0.738281
1 0.238281 0.513021 0.290365 0.513021 0.290365 0.460938 0.238281 0.460938
1 0.264323 0.930990 0.316406 0.930990 0.316406 0.878906 0.264323 0.878906
1 0.380208 0.755208 0.432292 0.755208 0.432292 0.703125 0.380208 0.703125
1 0.425781 0.861979 0.477865 0.861979 0.477865 0.809896 0.425781 0.809896
1 0.458333 0.759115 0.510417 0.759115 0.510417 0.707031 0.458333 0.707031
2 0.343750 0.074219 0.369792 0.074219 0.369792 0.048177 0.343750 0.048177
2 0.312500 0.567708 0.338542 0.567708 0.338542 0.541667 0.312500 0.541667
2 0.938802 0.972656 0.964844 0.972656 0.964844 0.946615 0.938802 0.946615
2 0.921875 0.423177 0.947917 0.423177 0.947917 0.397135 0.921875 0.397135
2 0.378906 0.753906 0.404948 0.753906 0.404948 0.727865 0.378906 0.727865
2 0.432292 0.730469 0.458333 0.730469 0.458333 0.704427 0.432292 0.704427
2 0.524740 0.920573 0.550781 0.920573 0.550781 0.894531 0.524740 0.894531
2 0.152344 0.217448 0.178385 0.217448 0.178385 0.191406 0.152344 0.191406
