0 0.000000 0.937500 0.976562 0.882812 0.980469 0.772135 0.000000 0.826823
1 0.647135 0.855469 0.699219 0.855469 0.699219 0.803385 0.647135 0.803385
1 0.537760 0.757812 0.589844 0.757812 0.589844 0.705729 0.537760 0.705729
1 0.565104 0.757812 0.617188 0.757812 0.617188 0.705729 0.565104 0.705729
1 0.216146 0.593750 0.268229 0.593750 0.268229 0.541667 0.216146 0.541667
1 0.710938 0.069010 0.763021 0.069010 0.763021 0.016927 0.710938 0.016927
2 0.558594 0.184896 0.584635 0.184896 0.584635 0.158854 0.558594 0.158854
2 0.687500 0.151042 0.713542 0.151042 0.713542 0.125000 0.687500 0.125000
2 0.179688 0.884115 0.205729 0.884115 0.205729 0.858073 0.179688 0.858073
2 0.316406 0.483073 0.342448 0.483073 0.342448 0.457031 0.316406 0.457031
