0 0.882812 1.000000 0.993490 1.000000 0.998698 0.920573 0.936198 0.010417
1 0.231771 0.644531 0.283854 0.644531 0.283854 0.592448 0.231771 0.592448
1 0.263021 0.569010 0.315104 0.569010 0.315104 0.516927 0.263021 0.516927
1 0.470052 0.084635 0.522135 0.084635 0.522135 0.032552 0.470052 0.032552
1 0.501302 0.972656 0.553385 0.972656 0.553385 0.920573 0.501302 0.920573
1 0.631510 1.000000 0.683594 1.000000 0.683594 0.950521 0.631510 0.950521
1 0.761719 0.986979 0.813802 0.986979 0.813802 0.934896 0.761719 0.934896
1 0.847656 0.337240 0.899740 0.337240 0.899740 0.285156 0.847656 0.285156
2 0.664062 0.380208 0.690104 0.380208 0.690104 0.354167 0.664062 0.354167
2 0.104167 0.089844 0.130208 0.089844 0.130208 0.063802 0.104167 0.063802
2 0.002604 0.527344 0.028646 0.527344 0.028646 0.501302 0.002604 0.501302
2 0.585938 0.347656 0.611979 0.347656 0.611979 0.321615 0.585938 0.321615
2 0.057292 0.502604 0.083333 0.502604 0.083333 0.476562 0.057292 0.476562
2 0.477865 0.421875 0.503906 0.421875 0.503906 0.395833 0.477865 0.395833
