0 0.010417 0.585938 1.000000 0.489583 1.000000 0.380208 0.013021 0.475260
1 0.894531 0.276042 0.946615 0.276042 0.946615 0.223958 0.894531 0.223958
1 0.278646 0.388021 0.330729 0.388021 0.330729 0.335938 0.278646 0.335938
1 0.699219 0.424479 0.751302 0.424479 0.751302 0.372396 0.699219 0.372396
1 0.742188 0.576823 0.794271 0.576823 0.794271 0.524740 0.742188 0.524740
1 0.205729 0.734375 0.257812 0.734375 0.257812 0.682292 0.205729 0.682292
1 0.653646 0.744792 0.705729 0.744792 0.705729 0.692708 0.653646 0.692708
1 0.891927 0.799479 0.944010 0.799479 0.944010 0.747396 0.891927 0.747396
1 0.743490 0.865885 0.795573 0.865885 0.795573 0.813802 0.743490 0.813802
2 0.291667 0.229167 0.317708 0.229167 0.317708 0.203125 0.291667 0.203125
2 0.229167 0.132812 0.255208 0.132812 0.255208 0.106771 0.229167 0.106771
2 0.355469 0.092448 0.381510 0.092448 0.381510 0.066406 0.355469 0.066406
2 0.371094 0.799479 0.397135 0.799479 0.397135 0.773438 0.371094 0.773438
2 0.856771 0.673177 0.882812 0.673177 0.882812 0.647135 0.856771 0.647135
