0 0.838542 1.000000 0.949219 1.000000 0.841146 0.007812 0.730469 0.006510
1 0.863281 0.248698 0.915365 0.248698 0.915365 0.196615 0.863281 0.196615
1 0.690104 0.083333 0.742188 0.083333 0.742188 0.031250 0.690104 0.031250
1 0.472656 0.501302 0.524740 0.501302 0.524740 0.449219 0.472656 0.449219
2 0.225260 0.634115 0.251302 0.634115 0.251302 0.608073 0.225260 0.608073
2 0.753906 0.916667 0.779948 0.916667 0.779948 0.890625 0.753906 0.890625
2 0.423177 0.769531 0.449219 0.769531 0.449219 0.743490 0.423177 0.743490
2 0.558594 0.074219 0.584635 0.074219 0.584635 0.048177 0.558594 0.048177
2 0.345052 0.542969 0.371094 0.542969 0.371094 0.516927 0.345052 0.516927
2 0.001302 0.473958 0.024740 0.473958 0.024740 0.447917 0.001302 0.447917
