0 0.009115 0.236979 0.007812 0.347656 1.000000 0.234375 1.000000 0.123698
1 0.001302 0.058594 0.028646 0.058594 0.028646 0.006510 0.001302 0.006510
1 0.266927 0.075521 0.319010 0.075521 0.319010 0.023438 0.266927 0.023438
1 0.799479 0.148438 0.851562 0.148438 0.851562 0.096354 0.799479 0.096354
1 0.717448 0.367188 0.769531 0.367188 0.769531 0.315104 0.717448 0.315104
1 0.334635 0.436198 0.386719 0.436198 0.386719 0.384115 0.334635 0.384115
1 0.490885 0.444010 0.542969 0.444010 0.542969 0.391927 0.490885 0.391927
1 0.628906 0.743490 0.680990 0.743490 0.680990 0.691406 0.628906 0.691406
1 0.152344 0.928385 0.204427 0.928385 0.204427 0.876302 0.152344 0.876302
2 0.859375 0.902344 0.885417 0.902344 0.885417 0.876302 0.859375 0.876302
2 0.276042 0.602865 0.302083 0.602865 0.302083 0.576823 0.276042 0.576823
2 0.789062 0.963542 0.815104 0.963542 0.815104 0.937500 0.789062 0.937500
2 0.221354 0.136719 0.247396 0.136719 0.247396 0.110677 0.221354 0.110677
2 0.528646 0.519531 0.554688 0.519531 0.554688 0.493490 0.528646 0.493490
2 0.501302 0.524740 0.527344 0.524740 0.527344 0.498698 0.501302 0.498698
2 0.761719 0.049479 0.787760 0.049479 0.787760 0.023438 0.761719 0.023438
2 0.503906 0.549479 0.529948 0.549479 0.529948 0.523438 0.503906 0.523438
