0 0.684896 1.000000 0.795573 1.000000 0.843750 0.001302 0.733073 0.005208
1 0.000000 0.165365 0.048177 0.165365 0.048177 0.113281 0.000000 0.113281
1 0.597656 0.089844 0.649740 0.089844 0.649740 0.037760 0.597656 0.037760
1 0.634115 1.000000 0.686198 1.000000 0.686198 0.953125 0.634115 0.953125
1 0.850260 0.259115 0.902344 0.259115 0.902344 0.207031 0.850260 0.207031
1 0.863281 0.519531 0.915365 0.519531 0.915365 0.467448 0.863281 0.467448
2 0.390625 0.600260 0.416667 0.600260 0.416667 0.574219 0.390625 0.574219
2 0.457031 0.865885 0.483073 0.865885 0.483073 0.839844 0.457031 0.839844
2 0.812500 0.490885 0.838542 0.490885 0.838542 0.464844 0.812500 0.464844
2 0.975260 0.394531 0.998698 0.394531 0.998698 0.368490 0.975260 0.368490
2 0.269531 0.934896 0.295573 0.934896 0.295573 0.908854 0.269531 0.908854
2 0.529948 0.972656 0.555990 0.972656 0.555990 0.946615 0.529948 0.946615
2 0.802083 0.697917 0.828125 0.697917 0.828125 0.671875 0.802083 0.671875
2 0.329427 0.231771 0.355469 0.231771 0.355469 0.205729 0.329427 0.205729
