0 0.000000 0.295573 0.979167 0.351562 0.998698 0.242188 0.000000 0.184896
1 0.910156 0.184896 0.962240 0.184896 0.962240 0.132812 0.910156 0.132812
1 0.250000 0.329427 0.302083 0.329427 0.302083 0.277344 0.250000 0.277344
2 0.906250 0.235677 0.932292 0.235677 0.932292 0.209635 0.906250 0.209635
2 0.919271 0.027344 0.945312 0.027344 0.945312 0.001302 0.919271 0.001302
2 0.654948 0.998698 0.680990 0.998698 0.680990 0.977865 0.654948 0.977865
2 0.420573 0.966146 0.446615 0.966146 0.446615 0.940104 0.420573 0.940104
2 0.394531 0.520833 0.420573 0.520833 0.420573 0.494792 0.394531 0.494792
2 0.536458 0.789062 0.562500 0.789062 0.562500 0.763021 0.536458 0.763021
2 0.552083 0.503906 0.578125 0.503906 0.578125 0.477865 0.552083 0.477865
2 0.046875 0.682292 0.072917 0.682292 0.072917 0.656250 0.046875 0.656250
