0 0.055990 0.463542 1.000000 0.455729 1.000000 0.345052 0.079427 0.352865
1 0.315104 0.213542 0.367188 0.213542 0.367188 0.161458 0.315104 0.161458
1 0.001302 0.243490 0.029948 0.243490 0.029948 0.191406 0.001302 0.191406
1 0.786458 0.289062 0.838542 0.289062 0.838542 0.236979 0.786458 0.236979
1 0.760417 0.365885 0.812500 0.365885 0.812500 0.313802 0.760417 0.313802
1 0.531250 0.889323 0.583333 0.889323 0.583333 0.837240 0.531250 0.837240
1 0.477865 0.890625 0.529948 0.890625 0.529948 0.838542 0.477865 0.838542
2 0.291667 0.346354 0.317708 0.346354 0.317708 0.320312 0.291667 0.320312
2 0.368490 0.214844 0.394531 0.214844 0.394531 0.188802 0.368490 0.188802
2 0.446615 0.343750 0.472656 0.343750 0.472656 0.317708 0.446615 0.317708
2 0.552083 0.523438 0.578125 0.523438 0.578125 0.497396 0.552083 0.497396
2 0.863281 0.234375 0.889323 0.234375 0.889323 0.208333 0.863281 0.208333
