0 0.998698 0.230469 0.997396 0.119792 0.242188 0.000000 0.000000 0.071615
1 0.839844 0.373698 0.891927 0.373698 0.891927 0.321615 0.839844 0.321615
1 0.936198 0.940104 0.988281 0.940104 0.988281 0.888021 0.936198 0.888021
1 0.489583 0.921875 0.541667 0.921875 0.541667 0.869792 0.489583 0.869792
2 0.182292 0.187500 0.208333 0.187500 0.208333 0.161458 0.182292 0.161458
2 0.134115 0.996094 0.160156 0.996094 0.160156 0.970052 0.134115 0.970052
2 0.566406 0.247396 0.592448 0.247396 0.592448 0.221354 0.566406 0.221354
2 0.210938 0.507812 0.236979 0.507812 0.236979 0.481771 0.210938 0.481771
2 0.743490 0.303385 0.769531 0.303385 0.769531 0.277344 0.743490 0.277344
2 0.757812 0.541667 0.783854 0.541667 0.783854 0.515625 0.757812 0.515625
2 0.615885 0.942708 0.641927 0.942708 0.641927 0.916667 0.615885 0.916667
