0 0.029948 0.869792 1.000000 0.838542 1.000000 0.727865 0.036458 0.759115
1 0.832031 0.305990 0.884115 0.305990 0.884115 0.253906 0.832031 0.253906
1 0.161458 0.535156 0.213542 0.535156 0.213542 0.483073 0.161458 0.483073
1 0.372396 0.580729 0.424479 0.580729 0.424479 0.528646 0.372396 0.528646
1 0.427083 0.682292 0.479167 0.682292 0.479167 0.630208 0.427083 0.630208
1 0.924479 0.770833 0.976562 0.770833 0.976562 0.718750 0.924479 0.718750
1 0.776042 0.985677 0.828125 0.985677 0.828125 0.933594 0.776042 0.933594
2 0.515625 0.109375 0.541667 0.109375 0.541667 0.083333 0.515625 0.083333
2 0.243490 0.638021 0.269531 0.638021 0.269531 0.611979 0.243490 0.611979
2 0.597656 0.287760 0.623698 0.287760 0.623698 0.261719 0.597656 0.261719
