0 0.339844 1.000000 0.450521 1.000000 0.610677 0.002604 0.500000 0.003906
1 0.024740 0.691406 0.076823 0.691406 0.076823 0.639323 0.024740 0.639323
1 0.114583 0.126302 0.166667 0.126302 0.166667 0.074219 0.114583 0.074219
1 0.088542 0.625000 0.140625 0.625000 0.140625 0.572917 0.088542 0.572917
1 0.128906 0.867188 0.180990 0.867188 0.180990 0.815104 0.128906 0.815104
1 0.553385 0.355469 0.605469 0.355469 0.605469 0.303385 0.553385 0.303385
1 0.747396 0.307292 0.799479 0.307292 0.799479 0.255208 0.747396 0.255208
2 0.789062 0.520833 0.815104 0.520833 0.815104 0.494792 0.789062 0.494792
2 0.777344 0.415365 0.803385 0.415365 0.803385 0.389323 0.777344 0.389323
2 0.562500 0.459635 0.588542 0.459635 0.588542 0.433594 0.562500 0.433594
2 0.266927 0.651042 0.292969 0.651042 0.292969 0.625000 0.266927 0.625000
2 0.272135 0.281250 0.298177 0.281250 0.298177 0.255208 0.272135 0.255208
