0 0.747396 0.993490 0.858073 0.992188 1.000000 0.110677 0.907552 0.000000
1 0.891927 0.222656 0.944010 0.222656 0.944010 0.170573 0.891927 0.170573
1 0.751302 0.779948 0.803385 0.779948 0.803385 0.727865 0.751302 0.727865
1 0.759115 0.226563 0.811198 0.226563 0.811198 0.174479 0.759115 0.174479
1 0.641927 0.630208 0.694010 0.630208 0.694010 0.578125 0.641927 0.578125
1 0.463542 0.102865 0.515625 0.102865 0.515625 0.050781 0.463542 0.050781
1 0.347656 0.820312 0.399740 0.820312 0.399740 0.768229 0.347656 0.768229
1 0.281250 0.415365 0.333333 0.415365 0.333333 0.363281 0.281250 0.363281
1 0.063802 0.459635 0.115885 0.459635 0.115885 0.407552 0.063802 0.407552
2 0.037760 0.768229 0.063802 0.768229 0.063802 0.742188 0.037760 0.742188
2 0.376302 0.639323 0.402344 0.639323 0.402344 0.613281 0.376302 0.613281
2 0.075521 0.854167 0.101562 0.854167 0.101562 0.828125 0.075521 0.828125
2 0.290365 0.837240 0.316406 0.837240 0.316406 0.811198 0.290365 0.811198
2 0.270833 0.305990 0.296875 0.305990 0.296875 0.279948 0.270833 0.279948
