0 0.623698 0.984375 0.733073 0.998698 0.809896 0.000000 0.699219 0.000000
1 0.804688 0.994792 0.856771 0.994792 0.856771 0.942708 0.804688 0.942708
1 0.647135 0.667969 0.699219 0.667969 0.699219 0.615885 0.647135 0.615885
1 0.588542 0.742188 0.640625 0.742188 0.640625 0.690104 0.588542 0.690104
1 0.506510 0.084635 0.558594 0.084635 0.558594 0.032552 0.506510 0.032552
1 0.205729 0.973958 0.257812 0.973958 0.257812 0.921875 0.205729 0.921875
1 0.088542 0.809896 0.140625 0.809896 0.140625 0.757812 0.088542 0.757812
1 0.045573 0.335937 0.097656 0.335937 0.097656 0.283854 0.045573 0.283854
2 0.734375 0.519531 0.760417 0.519531 0.760417 0.493490 0.734375 0.493490
2 0.095052 0.703125 0.121094 0.703125 0.121094 0.677083 0.095052 0.677083
