0 0.204427 1.000000 0.315104 1.000000 0.266927 0.005208 0.156250 0.001302
1 0.951823 0.165365 1.000000 0.165365 1.000000 0.113281 0.951823 0.113281
1 0.350260 0.089844 0.402344 0.089844 0.402344 0.037760 0.350260 0.037760
1 0.313802 1.000000 0.365885 1.000000 0.365885 0.953125 0.313802 0.953125
1 0.097656 0.259115 0.149740 0.259115 0.149740 0.207031 0.097656 0.207031
1 0.084635 0.519531 0.136719 0.519531 0.136719 0.467448 0.084635 0.467448
2 0.583333 0.600260 0.609375 0.600260 0.609375 0.574219 0.583333 0.574219
2 0.516927 0.865885 0.542969 0.865885 0.542969 0.839844 0.516927 0.839844
2 0.161458 0.490885 0.187500 0.490885 0.187500 0.464844 0.161458 0.464844
2 0.001302 0.394531 0.024740 0.394531 0.024740 0.368490 0.001302 0.368490
2 0.704427 0.934896 0.730469 0.934896 0.730469 0.908854 0.704427 0.908854
2 0.444010 0.972656 0.470052 0.972656 0.470052 0.946615 0.444010 0.946615
2 0.171875 0.697917 0.197917 0.697917 0.197917 0.671875 0.171875 0.671875
2 0.644531 0.231771 0.670573 0.231771 0.670573 0.205729 0.644531 0.205729
