0 0.000000 0.332031 0.984375 0.399740 0.981771 0.289062 0.000000 0.221354
1 0.648438 0.251302 0.700521 0.251302 0.700521 0.199219 0.648438 0.199219
1 0.216146 0.455729 0.268229 0.455729 0.268229 0.403646 0.216146 0.403646
1 0.809896 0.940104 0.861979 0.940104 0.861979 0.888021 0.809896 0.888021
1 0.393229 0.938802 0.445312 0.938802 0.445312 0.886719 0.393229 0.886719
1 0.183594 0.950521 0.235677 0.950521 0.235677 0.898438 0.183594 0.898438
2 0.130208 0.944010 0.156250 0.944010 0.156250 0.917969 0.130208 0.917969
2 0.239583 0.117188 0.265625 0.117188 0.265625 0.091146 0.239583 0.091146
2 0.841146 0.472656 0.867188 0.472656 0.867188 0.446615 0.841146 0.446615
2 0.108073 0.108073 0.134115 0.108073 0.134115 0.082031 0.108073 0.082031
2 0.361979 0.985677 0.388021 0.985677 0.388021 0.959635 0.361979 0.959635
2 0.397135 0.858073 0.423177 0.858073 0.423177 0.832031 0.397135 0.832031
2 0.423177 0.496094 0.449219 0.496094 0.449219 0.470052 0.423177 0.470052
2 0.648438 0.613281 0.674479 0.613281 0.674479 0.587240 0.648438 0.587240
