0 0.000000 0.544271 0.994792 0.502604 0.998698 0.391927 0.000000 0.433594
1 0.368490 0.531250 0.420573 0.531250 0.420573 0.479167 0.368490 0.479167
1 0.572917 0.419271 0.625000 0.419271 0.625000 0.367188 0.572917 0.367188
1 0.466146 0.343750 0.518229 0.343750 0.518229 0.291667 0.466146 0.291667
1 0.100260 0.333333 0.152344 0.333333 0.152344 0.281250 0.100260 0.281250
1 0.197917 0.200521 0.250000 0.200521 0.250000 0.148438 0.197917 0.148438
1 0.485677 0.186198 0.537760 0.186198 0.537760 0.134115 0.485677 0.134115
1 0.638021 0.127604 0.690104 0.127604 0.690104 0.075521 0.638021 0.075521
1 0.348958 0.036458 0.401042 0.036458 0.401042 0.001302 0.348958 0.001302
2 0.843750 0.042969 0.869792 0.042969 0.869792 0.016927 0.843750 0.016927
2 0.251302 0.821615 0.277344 0.821615 0.277344 0.795573 0.251302 0.795573
2 0.126302 0.930990 0.152344 0.930990 0.152344 0.904948 0.126302 0.904948
2 0.135417 0.541667 0.161458 0.541667 0.161458 0.515625 0.135417 0.515625
