0 0.398438 1.000000 0.509115 1.000000 0.428385 0.009115 0.317708 0.006510
1 0.200521 0.367188 0.252604 0.367188 0.252604 0.315104 0.200521 0.315104
1 0.162760 0.864583 0.214844 0.864583 0.214844 0.812500 0.162760 0.812500
1 0.125000 0.736979 0.177083 0.736979 0.177083 0.684896 0.125000 0.684896
2 0.847656 0.942708 0.873698 0.942708 0.873698 0.916667 0.847656 0.916667
2 0.591146 0.989583 0.617188 0.989583 0.617188 0.963542 0.591146 0.963542
2 0.713542 0.220052 0.739583 0.220052 0.739583 0.194010 0.713542 0.194010
2 0.281250 0.386719 0.307292 0.386719 0.307292 0.360677 0.281250 0.360677
2 0.799479 0.658854 0.825521 0.658854 0.825521 0.632812 0.799479 0.632812
2 0.667969 0.641927 0.694010 0.641927 0.694010 0.615885 0.667969 0.615885
2 0.782552 0.425781 0.808594 0.425781 0.808594 0.399740 0.782552 0.399740
