0 0.019531 0.088542 1.000000 0.108073 1.000000 0.001302 1.000000 0.001302
1 0.598958 0.841146 0.651042 0.841146 0.651042 0.789062 0.598958 0.789062
1 0.600260 0.763021 0.652344 0.763021 0.652344 0.710938 0.600260 0.710938
1 0.707031 0.582031 0.759115 0.582031 0.759115 0.529948 0.707031 0.529948
1 0.897135 0.247396 0.949219 0.247396 0.949219 0.195312 0.897135 0.195312
1 0.953125 0.067708 1.000000 0.067708 1.000000 0.015625 0.953125 0.015625
2 0.259115 0.914062 0.285156 0.914062 0.285156 0.888021 0.259115 0.888021
2 0.885417 0.794271 0.911458 0.794271 0.911458 0.768229 0.885417 0.768229
2 0.700521 0.895833 0.726562 0.895833 0.726562 0.869792 0.700521 0.869792
2 0.265625 0.496094 0.291667 0.496094 0.291667 0.470052 0.265625 0.470052
2 0.031250 0.490885 0.057292 0.490885 0.057292 0.464844 0.031250 0.464844
2 0.320312 0.315104 0.346354 0.315104 0.346354 0.289062 0.320312 0.289062
2 0.837240 0.690104 0.863281 0.690104 0.863281 0.664062 0.837240 0.664062
