0 0.204427 1.000000 0.315104 1.000000 0.347656 0.016927 0.236979 0.022135
1 0.006510 0.406250 0.058594 0.406250 0.058594 0.354167 0.006510 0.354167
1 0.139323 0.438802 0.191406 0.438802 0.191406 0.386719 0.139323 0.386719
1 0.286458 0.649740 0.338542 0.649740 0.338542 0.597656 0.286458 0.597656
1 0.575521 0.529948 0.627604 0.529948 0.627604 0.477865 0.575521 0.477865
1 0.727865 0.691406 0.779948 0.691406 0.779948 0.639323 0.727865 0.639323
2 0.907552 0.802083 0.933594 0.802083 0.933594 0.776042 0.907552 0.776042
2 0.003906 0.510417 0.029948 0.510417 0.029948 0.484375 0.003906 0.484375
2 0.265625 0.440104 0.291667 0.440104 0.291667 0.414062 0.265625 0.414062
2 0.694010 0.143229 0.720052 0.143229 0.720052 0.117188 0.694010 0.117188
2 0.917969 0.436198 0.944010 0.436198 0.944010 0.410156 0.917969 0.410156
2 0.635417 0.321615 0.661458 0.321615 0.661458 0.295573 0.635417 0.295573
2 0.303385 0.885417 0.329427 0.885417 0.329427 0.859375 0.303385 0.859375
