0 0.218750 0.996094 0.329427 0.996094 0.493490 0.000000 0.382813 0.000000
1 0.816406 0.528646 0.868490 0.528646 0.868490 0.476563 0.816406 0.476563
1 0.661458 0.187500 0.713542 0.187500 0.713542 0.135417 0.661458 0.135417
1 0.503906 0.187500 0.555990 0.187500 0.555990 0.135417 0.503906 0.135417
1 0.205729 0.720052 0.257812 0.720052 0.257812 0.667969 0.205729 0.667969
1 0.128906 0.864583 0.180990 0.864583 0.180990 0.812500 0.128906 0.812500
1 0.063802 0.457031 0.115885 0.457031 0.115885 0.404948 0.063802 0.404948
2 0.653646 0.553385 0.679688 0.553385 0.679688 0.527344 0.653646 0.527344
2 0.795573 0.154948 0.821615 0.154948 0.821615 0.128906 0.795573 0.128906
2 0.246094 0.776042 0.272135 0.776042 0.272135 0.750000 0.246094 0.750000
2 0.868490 0.998698 0.894531 0.998698 0.894531 0.985677 0.868490 0.985677
