0 0.605469 1.000000 0.716146 1.000000 0.760417 0.015625 0.649740 0.019531
1 0.829427 0.151042 0.881510 0.151042 0.881510 0.098958 0.829427 0.098958
1 0.921875 0.963542 0.973958 0.963542 0.973958 0.911458 0.921875 0.911458
2 0.630208 0.506510 0.656250 0.506510 0.656250 0.480469 0.630208 0.480469
2 0.798177 0.825521 0.824219 0.825521 0.824219 0.799479 0.798177 0.799479
2 0.962240 0.625000 0.988281 0.625000 0.988281 0.598958 0.962240 0.598958
2 0.036458 0.350260 0.062500 0.350260 0.062500 0.324219 0.036458 0.324219
2 0.768229 0.955729 0.794271 0.955729 0.794271 0.929688 0.768229 0.929688
2 0.858073 0.647135 0.884115 0.647135 0.884115 0.621094 0.858073 0.621094
2 0.867188 0.464844 0.893229 0.464844 0.893229 0.438802 0.867188 0.438802
