0 0.998698 0.888021 0.998698 0.000000 0.998698 0.000000 0.934896 0.000000
1 0.023438 0.061198 0.075521 0.061198 0.075521 0.009115 0.023438 0.009115
1 0.259115 0.802083 0.311198 0.802083 0.311198 0.750000 0.259115 0.750000
1 0.364583 0.455729 0.416667 0.455729 0.416667 0.403646 0.364583 0.403646
1 0.580729 0.204427 0.632812 0.204427 0.632812 0.152344 0.580729 0.152344
1 0.664062 0.643229 0.716146 0.643229 0.716146 0.591146 0.664062 0.591146
1 0.723958 0.377604 0.776042 0.377604 0.776042 0.325521 0.723958 0.325521
2 0.072917 0.738281 0.098958 0.738281 0.098958 0.712240 0.072917 0.712240
2 0.730469 0.820312 0.756510 0.820312 0.756510 0.794271 0.730469 0.794271
2 0.583333 0.571615 0.609375 0.571615 0.609375 0.545573 0.583333 0.545573
2 0.837240 0.498698 0.863281 0.498698 0.863281 0.472656 0.837240 0.472656
2 0.920573 0.546875 0.946615 0.546875 0.946615 0.520833 0.920573 0.520833
2 0.765625 0.583333 0.791667 0.583333 0.791667 0.557292 0.765625 0.557292
2 0.575521 0.858073 0.601562 0.858073 0.601562 0.832031 0.575521 0.832031
2 0.052083 0.451823 0.078125 0.451823 0.078125 0.425781 0.052083 0.425781
