0 1.000000 0.575521 1.000000 0.464844 0.002604 0.299479 0.002604 0.410156
1 0.230469 0.881510 0.282552 0.881510 0.282552 0.829427 0.230469 0.829427
1 0.247396 0.779948 0.299479 0.779948 0.299479 0.727865 0.247396 0.727865
1 0.847656 0.351562 0.899740 0.351563 0.899740 0.299479 0.847656 0.299479
1 0.106771 0.044271 0.158854 0.044271 0.158854 0.001302 0.106771 0.001302
1 0.821615 0.029948 0.873698 0.029948 0.873698 0.001302 0.821615 0.001302
2 0.582031 0.173177 0.608073 0.173177 0.608073 0.147135 0.582031 0.147135
2 0.292969 0.334635 0.319010 0.334635 0.319010 0.308594 0.292969 0.308594
2 0.430990 0.940104 0.457031 0.940104 0.457031 0.914062 0.430990 0.914062
2 0.783854 0.708333 0.809896 0.708333 0.809896 0.682292 0.783854 0.682292
2 0.261719 0.356771 0.287760 0.356771 0.287760 0.330729 0.261719 0.330729
2 0.234375 0.695312 0.260417 0.695312 0.260417 0.669271 0.234375 0.669271
2 0.895833 0.832031 0.921875 0.832031 0.921875 0.805990 0.895833 0.805990
2 0.062500 0.139323 0.088542 0.139323 0.088542 0.113281 0.062500 0.113281
