0 0.000000 0.149740 0.000000 0.260417 0.992188 0.148437 0.994792 0.037760
1 0.029948 1.000000 0.082031 1.000000 0.082031 0.968750 0.029948 0.968750
1 0.565104 0.882812 0.617188 0.882812 0.617188 0.830729 0.565104 0.830729
1 0.733073 0.734375 0.785156 0.734375 0.785156 0.682292 0.733073 0.682292
1 0.773438 0.623698 0.825521 0.623698 0.825521 0.571615 0.773438 0.571615
1 0.513021 0.417969 0.565104 0.417969 0.565104 0.365885 0.513021 0.365885
1 0.729167 0.234375 0.781250 0.234375 0.781250 0.182292 0.729167 0.182292
1 0.259115 0.261719 0.311198 0.261719 0.311198 0.209635 0.259115 0.209635
1 0.371094 0.093750 0.423177 0.093750 0.423177 0.041667 0.371094 0.041667
2 0.140625 0.121094 0.166667 0.121094 0.166667 0.095052 0.140625 0.095052
2 0.192708 0.114583 0.218750 0.114583 0.218750 0.088542 0.192708 0.088542
2 0.714844 0.789062 0.740885 0.789062 0.740885 0.763021 0.714844 0.763021
2 0.813802 0.752604 0.839844 0.752604 0.839844 0.726562 0.813802 0.726562
