0 1.000000 0.660156 1.000000 0.549479 0.002604 0.389323 0.003906 0.500000
1 0.639323 0.975260 0.691406 0.975260 0.691406 0.923177 0.639323 0.923177
1 0.074219 0.885417 0.126302 0.885417 0.126302 0.833333 0.074219 0.833333
1 0.572917 0.911458 0.625000 0.911458 0.625000 0.859375 0.572917 0.859375
1 0.815104 0.871094 0.867188 0.871094 0.867188 0.819010 0.815104 0.819010
1 0.303385 0.446615 0.355469 0.446615 0.355469 0.394531 0.303385 0.394531
1 0.255208 0.252604 0.307292 0.252604 0.307292 0.200521 0.255208 0.200521
2 0.494792 0.210938 0.520833 0.210938 0.520833 0.184896 0.494792 0.184896
2 0.389323 0.222656 0.415365 0.222656 0.415365 0.196615 0.389323 0.196615
2 0.433594 0.437500 0.459635 0.437500 0.459635 0.411458 0.433594 0.411458
2 0.625000 0.733073 0.651042 0.733073 0.651042 0.707031 0.625000 0.707031
2 0.255208 0.727865 0.281250 0.727865 0.281250 0.701823 0.255208 0.701823
