0 0.000000 0.572917 0.000000 0.683594 0.998698 0.541667 0.990885 0.432292
1 0.917969 0.885417 0.970052 0.885417 0.970052 0.833333 0.917969 0.833333
1 0.407552 0.798177 0.459635 0.798177 0.459635 0.746094 0.407552 0.746094
1 0.451823 0.555990 0.503906 0.555990 0.503906 0.503906 0.451823 0.503906
1 0.503906 0.180990 0.555990 0.180990 0.555990 0.128906 0.503906 0.128906
2 0.647135 0.819010 0.673177 0.819010 0.673177 0.792969 0.647135 0.792969
2 0.484375 0.973958 0.510417 0.973958 0.510417 0.947917 0.484375 0.947917
2 0.492188 0.841146 0.518229 0.841146 0.518229 0.815104 0.492188 0.815104
2 0.807292 0.085938 0.833333 0.085938 0.833333 0.059896 0.807292 0.059896
2 0.128906 0.868490 0.154948 0.868490 0.154948 0.842448 0.128906 0.842448
