0 0.601562 0.997396 0.712240 0.998698 0.613281 0.000000 0.502604 0.000000
1 0.072917 0.171875 0.125000 0.171875 0.125000 0.119792 0.072917 0.119792
1 0.092448 0.378906 0.144531 0.378906 0.144531 0.326823 0.092448 0.326823
1 0.160156 0.529948 0.212240 0.529948 0.212240 0.477865 0.160156 0.477865
1 0.210938 0.787760 0.263021 0.787760 0.263021 0.735677 0.210938 0.735677
1 0.406250 0.113281 0.458333 0.113281 0.458333 0.061198 0.406250 0.061198
1 0.425781 0.320312 0.477865 0.320312 0.477865 0.268229 0.425781 0.268229
1 0.475260 0.287760 0.527344 0.287760 0.527344 0.235677 0.475260 0.235677
1 0.632812 0.824219 0.684896 0.824219 0.684896 0.772135 0.632812 0.772135
2 0.787760 0.261719 0.813802 0.261719 0.813802 0.235677 0.787760 0.235677
2 0.705729 0.998698 0.731771 0.998698 0.731771 0.973958 0.705729 0.973958
2 0.419271 0.217448 0.445312 0.217448 0.445312 0.191406 0.419271 0.191406
2 0.135417 0.795573 0.161458 0.795573 0.161458 0.769531 0.135417 0.769531
2 0.730469 0.736979 0.756510 0.736979 0.756510 0.710938 0.730469 0.710938
2 0.438802 0.165365 0.464844 0.165365 0.464844 0.139323 0.438802 0.139323
2 0.059896 0.305990 0.085938 0.305990 0.085938 0.279948 0.059896 0.279948
