0 0.497396 0.994792 0.608073 0.998698 0.566406 0.000000 0.455729 0.000000
1 0.468750 0.420573 0.520833 0.420573 0.520833 0.368490 0.468750 0.368490
1 0.580729 0.625000 0.632812 0.625000 0.632812 0.572917 0.580729 0.572917
1 0.656250 0.518229 0.708333 0.518229 0.708333 0.466146 0.656250 0.466146
1 0.666667 0.152344 0.718750 0.152344 0.718750 0.100260 0.666667 0.100260
1 0.799479 0.250000 0.851562 0.250000 0.851562 0.197917 0.799479 0.197917
1 0.813802 0.537760 0.865885 0.537760 0.865885 0.485677 0.813802 0.485677
1 0.872396 0.690104 0.924479 0.690104 0.924479 0.638021 0.872396 0.638021
1 0.963542 0.401042 0.998698 0.401042 0.998698 0.348958 0.963542 0.348958
2 0.957031 0.869792 0.983073 0.869792 0.983073 0.843750 0.957031 0.843750
2 0.178385 0.277344 0.204427 0.277344 0.204427 0.251302 0.178385 0.251302
2 0.069010 0.152344 0.095052 0.152344 0.095052 0.126302 0.069010 0.126302
2 0.458333 0.161458 0.484375 0.161458 0.484375 0.135417 0.458333 0.135417
