0 0.000000 0.394531 0.980469 0.350260 0.984375 0.239583 0.000000 0.283854
1 0.848958 0.170573 0.901042 0.170573 0.901042 0.118490 0.848958 0.118490
1 0.036458 0.078125 0.088542 0.078125 0.088542 0.026042 0.036458 0.026042
2 0.493490 0.369792 0.519531 0.369792 0.519531 0.343750 0.493490 0.343750
2 0.174479 0.201823 0.200521 0.201823 0.200521 0.175781 0.174479 0.175781
2 0.375000 0.037760 0.401042 0.037760 0.401042 0.011719 0.375000 0.011719
2 0.649740 0.963542 0.675781 0.963542 0.675781 0.937500 0.649740 0.937500
2 0.044271 0.231771 0.070312 0.231771 0.070312 0.205729 0.044271 0.205729
2 0.352865 0.141927 0.378906 0.141927 0.378906 0.115885 0.352865 0.115885
2 0.535156 0.132812 0.561198 0.132812 0.561198 0.106771 0.535156 0.106771
