0 0.018229 0.484375 1.000000 0.523438 1.000000 0.412760 0.014323 0.373698
1 0.093750 0.954427 0.145833 0.954427 0.145833 0.902344 0.093750 0.902344
1 0.911458 0.699219 0.963542 0.699219 0.963542 0.647135 0.911458 0.647135
1 0.393229 0.627604 0.445312 0.627604 0.445312 0.575521 0.393229 0.575521
1 0.063802 0.352865 0.115885 0.352865 0.115885 0.300781 0.063802 0.300781
1 0.277344 0.257812 0.329427 0.257812 0.329427 0.205729 0.277344 0.205729
1 0.588542 0.246094 0.640625 0.246094 0.640625 0.194010 0.588542 0.194010
1 0.729167 0.040365 0.781250 0.040365 0.781250 0.001302 0.729167 0.001302
2 0.145833 0.903646 0.171875 0.903646 0.171875 0.877604 0.145833 0.877604
2 0.468750 0.656250 0.494792 0.656250 0.494792 0.630208 0.468750 0.630208
2 0.524740 0.579427 0.550781 0.579427 0.550781 0.553385 0.524740 0.553385
2 0.384115 0.157552 0.410156 0.157552 0.410156 0.131510 0.384115 0.131510
