0 0.763021 0.997396 0.873698 0.998698 0.734375 0.000000 0.623698 0.000000
1 0.175781 0.276042 0.227865 0.276042 0.227865 0.223958 0.175781 0.223958
1 0.282552 0.104167 0.334635 0.104167 0.334635 0.052083 0.282552 0.052083
1 0.414062 0.850260 0.466146 0.850260 0.466146 0.798177 0.414062 0.798177
1 0.597656 0.088542 0.649740 0.088542 0.649740 0.036458 0.597656 0.036458
1 0.753906 0.643229 0.805990 0.643229 0.805990 0.591146 0.753906 0.591146
2 0.643229 0.792969 0.669271 0.792969 0.669271 0.766927 0.643229 0.766927
2 0.923177 0.726562 0.949219 0.726562 0.949219 0.700521 0.923177 0.700521
2 0.019531 0.273438 0.045573 0.273438 0.045573 0.247396 0.019531 0.247396
2 0.102865 0.683594 0.128906 0.683594 0.128906 0.657552 0.102865 0.657552
