0 0.570312 1.000000 0.680990 1.000000 0.605469 0.011719 0.494792 0.009115
1 0.854167 0.733073 0.906250 0.733073 0.906250 0.680990 0.854167 0.680990
1 0.721354 0.351562 0.773438 0.351562 0.773438 0.299479 0.721354 0.299479
1 0.338542 0.119792 0.390625 0.119792 0.390625 0.067708 0.338542 0.067708
1 0.062500 0.609375 0.114583 0.609375 0.114583 0.557292 0.062500 0.557292
1 0.059896 0.557292 0.111979 0.557292 0.111979 0.505208 0.059896 0.505208
2 0.553385 0.182292 0.579427 0.182292 0.579427 0.156250 0.553385 0.156250
2 0.483073 0.631510 0.509115 0.631510 0.509115 0.605469 0.483073 0.605469
2 0.346354 0.903646 0.372396 0.903646 0.372396 0.877604 0.346354 0.877604
2 0.536458 0.993490 0.562500 0.993490 0.562500 0.967448 0.536458 0.967448
2 0.187500 0.524740 0.213542 0.524740 0.213542 0.498698 0.187500 0.498698
2 0.053385 0.455729 0.079427 0.455729 0.079427 0.429688 0.053385 0.429688
2 0.602865 0.492188 0.628906 0.492188 0.628906 0.466146 0.602865 0.466146
2 0.819010 0.240885 0.845052 0.240885 0.845052 0.214844 0.819010 0.214844
