0 0.173177 1.000000 0.283854 1.000000 0.174479 0.010417 0.063802 0.009115
1 0.649740 0.454427 0.701823 0.454427 0.701823 0.402344 0.649740 0.402344
1 0.622396 0.195312 0.674479 0.195312 0.674479 0.143229 0.622396 0.143229
1 0.397135 0.299479 0.449219 0.299479 0.449219 0.247396 0.397135 0.247396
1 0.420573 0.743490 0.472656 0.743490 0.472656 0.691406 0.420573 0.691406
1 0.139323 0.589844 0.191406 0.589844 0.191406 0.537760 0.139323 0.537760
1 0.001302 0.920573 0.046875 0.920573 0.046875 0.868490 0.001302 0.868490
2 0.845052 0.540365 0.871094 0.540365 0.871094 0.514323 0.845052 0.514323
2 0.481771 0.580729 0.507812 0.580729 0.507812 0.554688 0.481771 0.554688
2 0.180990 0.954427 0.207031 0.954427 0.207031 0.928385 0.180990 0.928385
2 0.928385 0.111979 0.954427 0.111979 0.954427 0.085938 0.928385 0.085938
