0 0.000000 0.778646 0.981771 0.710938 0.984375 0.600260 0.000000 0.667969
1 0.648438 0.800781 0.700521 0.800781 0.700521 0.748698 0.648438 0.748698
1 0.216146 0.596354 0.268229 0.596354 0.268229 0.544271 0.216146 0.544271
1 0.809896 0.111979 0.861979 0.111979 0.861979 0.059896 0.809896 0.059896
1 0.393229 0.113281 0.445312 0.113281 0.445312 0.061198 0.393229 0.061198
1 0.183594 0.101562 0.235677 0.101562 0.235677 0.049479 0.183594 0.049479
2 0.130208 0.082031 0.156250 0.082031 0.156250 0.055990 0.130208 0.055990
2 0.239583 0.908854 0.265625 0.908854 0.265625 0.882812 0.239583 0.882812
2 0.841146 0.553385 0.867188 0.553385 0.867188 0.527344 0.841146 0.527344
2 0.108073 0.917969 0.134115 0.917969 0.134115 0.891927 0.108073 0.891927
2 0.361979 0.040365 0.388021 0.040365 0.388021 0.014323 0.361979 0.014323
2 0.397135 0.167969 0.423177 0.167969 0.423177 0.141927 0.397135 0.141927
2 0.423177 0.529948 0.449219 0.529948 0.449219 0.503906 0.423177 0.503906
2 0.648438 0.412760 0.674479 0.412760 0.674479 0.386719 0.648438 0.386719
