0 0.394531 0.988281 0.505208 0.990885 0.429688 0.000000 0.319010 0.000000
1 0.093750 0.319010 0.145833 0.319010 0.145833 0.266927 0.093750 0.266927
1 0.226562 0.700521 0.278646 0.700521 0.278646 0.648438 0.226562 0.648438
1 0.609375 0.932292 0.661458 0.932292 0.661458 0.880208 0.609375 0.880208
1 0.885417 0.442708 0.937500 0.442708 0.937500 0.390625 0.885417 0.390625
1 0.888021 0.494792 0.940104 0.494792 0.940104 0.442708 0.888021 0.442708
2 0.420573 0.843750 0.446615 0.843750 0.446615 0.817708 0.420573 0.817708
2 0.490885 0.394531 0.516927 0.394531 0.516927 0.368490 0.490885 0.368490
2 0.627604 0.122396 0.653646 0.122396 0.653646 0.096354 0.627604 0.096354
2 0.437500 0.032552 0.463542 0.032552 0.463542 0.006510 0.437500 0.006510
2 0.786458 0.501302 0.812500 0.501302 0.812500 0.475260 0.786458 0.475260
2 0.920573 0.570312 0.946615 0.570312 0.946615 0.544271 0.920573 0.544271
2 0.371094 0.533854 0.397135 0.533854 0.397135 0.507812 0.371094 0.507812
2 0.154948 0.785156 0.180990 0.785156 0.180990 0.759115 0.154948 0.759115
