0 0.003906 0.578125 0.002604 0.688802 1.000000 0.548177 1.000000 0.437500
1 0.535156 0.201823 0.587240 0.201823 0.587240 0.149740 0.535156 0.149740
1 0.739583 0.356771 0.791667 0.356771 0.791667 0.304688 0.739583 0.304688
1 0.598958 0.481771 0.651042 0.481771 0.651042 0.429688 0.598958 0.429688
2 0.638021 0.742188 0.664062 0.742188 0.664062 0.716146 0.638021 0.716146
2 0.263021 0.319010 0.289062 0.319010 0.289062 0.292969 0.263021 0.292969
2 0.794271 0.535156 0.820312 0.535156 0.820312 0.509115 0.794271 0.509115
2 0.561198 0.751302 0.587240 0.751302 0.587240 0.725260 0.561198 0.725260
2 0.277344 0.238281 0.303385 0.238281 0.303385 0.212240 0.277344 0.212240
2 0.403646 0.563802 0.429688 0.563802 0.429688 0.537760 0.403646 0.537760
2 0.807292 0.822917 0.833333 0.822917 0.833333 0.796875 0.807292 0.796875
2 0.214844 0.721354 0.240885 0.721354 0.240885 0.695312 0.214844 0.695312
