0 0.001302 1.000000 0.001302 1.000000 0.110677 1.000000 0.084635 0.009115
1 0.893229 0.567708 0.945312 0.567708 0.945312 0.515625 0.893229 0.515625
1 0.786458 0.467448 0.838542 0.467448 0.838542 0.415365 0.786458 0.415365
1 0.376302 0.736979 0.428385 0.736979 0.428385 0.684896 0.376302 0.684896
1 0.136719 0.509115 0.188802 0.509115 0.188802 0.457031 0.136719 0.457031
2 0.285156 0.270833 0.311198 0.270833 0.311198 0.244792 0.285156 0.244792
2 0.803385 0.153646 0.829427 0.153646 0.829427 0.127604 0.803385 0.127604
2 0.533854 0.733073 0.559896 0.733073 0.559896 0.707031 0.533854 0.707031
2 0.692708 0.911458 0.718750 0.911458 0.718750 0.885417 0.692708 0.885417
2 0.718750 0.859375 0.744792 0.859375 0.744792 0.833333 0.718750 0.833333
2 0.571615 0.212240 0.597656 0.212240 0.597656 0.186198 0.571615 0.186198
