0 0.007812 0.727865 1.000000 0.618490 1.000000 0.507812 0.009115 0.617188
1 0.829427 0.170573 0.881510 0.170573 0.881510 0.118490 0.829427 0.118490
1 0.263021 0.259115 0.315104 0.259115 0.315104 0.207031 0.263021 0.207031
1 0.377604 0.588542 0.429688 0.588542 0.429688 0.536458 0.377604 0.536458
1 0.929688 0.606771 0.981771 0.606771 0.981771 0.554687 0.929688 0.554687
2 0.692708 0.843750 0.718750 0.843750 0.718750 0.817708 0.692708 0.817708
2 0.003906 0.997396 0.029948 0.997396 0.029948 0.971354 0.003906 0.971354
2 0.069010 0.388021 0.095052 0.388021 0.095052 0.361979 0.069010 0.361979
2 0.852865 0.144531 0.878906 0.144531 0.878906 0.118490 0.852865 0.118490
2 0.725260 0.419271 0.751302 0.419271 0.751302 0.393229 0.725260 0.393229
2 0.730469 0.944010 0.756510 0.944010 0.756510 0.917969 0.730469 0.917969
