0 0.294271 0.992188 0.404948 0.993490 0.294271 0.000000 0.183594 0.000000
1 0.059896 0.807292 0.111979 0.807292 0.111979 0.755208 0.059896 0.755208
1 0.097656 0.436198 0.149740 0.436198 0.149740 0.384115 0.097656 0.384115
1 0.104167 0.278646 0.156250 0.278646 0.156250 0.226562 0.104167 0.226562
1 0.153646 0.246094 0.205729 0.246094 0.205729 0.194010 0.153646 0.194010
1 0.235677 0.264323 0.287760 0.264323 0.287760 0.212240 0.235677 0.212240
1 0.834635 0.957031 0.886719 0.957031 0.886719 0.904948 0.834635 0.904948
1 0.837240 0.485677 0.889323 0.485677 0.889323 0.433594 0.837240 0.433594
1 0.867188 0.298177 0.919271 0.298177 0.919271 0.246094 0.867188 0.246094
2 0.666667 0.845052 0.692708 0.845052 0.692708 0.819010 0.666667 0.819010
