0 0.000000 0.757812 0.000000 0.868490 0.992188 0.710938 0.993490 0.600260
1 0.608073 0.717448 0.660156 0.717448 0.660156 0.665365 0.608073 0.665365
1 0.033854 0.752604 0.085938 0.752604 0.085938 0.700521 0.033854 0.700521
1 0.908854 0.615885 0.960938 0.615885 0.960938 0.563802 0.908854 0.563802
1 0.321615 0.234375 0.373698 0.234375 0.373698 0.182292 0.321615 0.182292
1 0.378906 0.092448 0.430990 0.092448 0.430990 0.040365 0.378906 0.040365
2 0.265625 0.035156 0.291667 0.035156 0.291667 0.009115 0.265625 0.009115
2 0.673177 0.946615 0.699219 0.946615 0.699219 0.920573 0.673177 0.920573
2 0.783854 0.479167 0.809896 0.479167 0.809896 0.453125 0.783854 0.453125
2 0.059896 0.067708 0.085938 0.067708 0.085938 0.041667 0.059896 0.041667
