0 0.285156 0.989583 0.394531 0.998698 0.516927 0.000000 0.406250 0.000000
1 0.701823 0.816406 0.753906 0.816406 0.753906 0.764323 0.701823 0.764323
1 0.571615 0.591146 0.623698 0.591146 0.623698 0.539062 0.571615 0.539062
1 0.395833 0.515625 0.447917 0.515625 0.447917 0.463542 0.395833 0.463542
1 0.360677 0.170573 0.412760 0.170573 0.412760 0.118490 0.360677 0.118490
1 0.299479 0.031250 0.351563 0.031250 0.351563 0.000000 0.299479 0.000000
1 0.173177 0.408854 0.225260 0.408854 0.225260 0.356771 0.173177 0.356771
1 0.101562 0.998698 0.153646 0.998698 0.153646 0.951823 0.101562 0.951823
1 0.095052 0.846354 0.147135 0.846354 0.147135 0.794271 0.095052 0.794271
2 0.276042 0.631510 0.302083 0.631510 0.302083 0.605469 0.276042 0.605469
2 0.016927 0.179687 0.042969 0.179687 0.042969 0.153646 0.016927 0.153646
2 0.609375 0.697917 0.635417 0.697917 0.635417 0.671875 0.609375 0.671875
2 0.850260 0.227865 0.876302 0.227865 0.876302 0.201823 0.850260 0.201823
2 0.455729 0.888021 0.481771 0.888021 0.481771 0.861979 0.455729 0.861979
