0 0.856771 0.992188 0.967448 0.993490 0.802083 0.000000 0.691406 0.000000
1 0.177083 0.654948 0.229167 0.654948 0.229167 0.602865 0.177083 0.602865
1 0.313802 0.998698 0.365885 0.998698 0.365885 0.947917 0.313802 0.947917
1 0.350260 0.730469 0.402344 0.730469 0.402344 0.678385 0.350260 0.678385
1 0.747396 0.585938 0.799479 0.585938 0.799479 0.533854 0.747396 0.533854
1 0.964844 0.468750 0.998698 0.468750 0.998698 0.416667 0.964844 0.416667
2 0.398438 0.858073 0.424479 0.858073 0.424479 0.832031 0.398438 0.832031
2 0.233073 0.330729 0.259115 0.330729 0.259115 0.304688 0.233073 0.304688
2 0.669271 0.097656 0.695312 0.097656 0.695312 0.071615 0.669271 0.071615
2 0.106771 0.376302 0.132812 0.376302 0.132812 0.350260 0.106771 0.350260
2 0.798177 0.394531 0.824219 0.394531 0.824219 0.368490 0.798177 0.368490
2 0.958333 0.736979 0.984375 0.736979 0.984375 0.710938 0.958333 0.710938
2 0.269531 0.561198 0.295573 0.561198 0.295573 0.535156 0.269531 0.535156
