0 0.001302 1.000000 0.001302 1.000000 0.085938 1.000000 0.001302 0.475260
1 0.958333 0.580729 1.000000 0.580729 1.000000 0.528646 0.958333 0.528646
1 0.829427 0.101562 0.881510 0.101562 0.881510 0.049479 0.829427 0.049479
1 0.699219 0.779948 0.751302 0.779948 0.751302 0.727865 0.699219 0.727865
1 0.261719 1.000000 0.313802 1.000000 0.313802 0.955729 0.261719 0.955729
1 0.141927 0.421875 0.194010 0.421875 0.194010 0.369792 0.141927 0.369792
1 0.014323 0.785156 0.066406 0.785156 0.066406 0.733073 0.014323 0.733073
2 0.895833 0.514323 0.921875 0.514323 0.921875 0.488281 0.895833 0.488281
2 0.555990 0.199219 0.582031 0.199219 0.582031 0.173177 0.555990 0.173177
2 0.645833 0.264323 0.671875 0.264323 0.671875 0.238281 0.645833 0.238281
2 0.766927 0.191406 0.792969 0.191406 0.792969 0.165365 0.766927 0.165365
2 0.800781 0.082031 0.826823 0.082031 0.826823 0.055990 0.800781 0.055990
2 0.756510 0.800781 0.782552 0.800781 0.782552 0.774740 0.756510 0.774740
2 0.779948 0.111979 0.805990 0.111979 0.805990 0.085938 0.779948 0.085938
2 0.532552 0.888021 0.558594 0.888021 0.558594 0.861979 0.532552 0.861979
