0 0.009115 0.764323 0.007813 0.875000 1.000000 0.763021 1.000000 0.652344
1 0.085937 0.096354 0.138021 0.096354 0.138021 0.044271 0.085937 0.044271
1 0.152344 0.220052 0.204427 0.220052 0.204427 0.167969 0.152344 0.167969
1 0.361979 0.225260 0.414062 0.225260 0.414062 0.173177 0.361979 0.173177
1 0.261719 0.261719 0.313802 0.261719 0.313802 0.209635 0.261719 0.209635
1 0.851562 0.378906 0.903646 0.378906 0.903646 0.326823 0.851562 0.326823
1 0.161458 0.770833 0.213542 0.770833 0.213542 0.718750 0.161458 0.718750
1 0.791667 0.778646 0.843750 0.778646 0.843750 0.726562 0.791667 0.726562
1 0.424479 0.998698 0.476563 0.998698 0.476563 0.950521 0.424479 0.950521
2 0.210938 0.950521 0.236979 0.950521 0.236979 0.924479 0.210938 0.924479
2 0.225260 0.632812 0.251302 0.632812 0.251302 0.606771 0.225260 0.606771
2 0.109375 0.541667 0.135417 0.541667 0.135417 0.515625 0.109375 0.515625
2 0.662760 0.557292 0.688802 0.557292 0.688802 0.531250 0.662760 0.531250
2 0.875000 0.351562 0.901042 0.351562 0.901042 0.325521 0.875000 0.325521
2 0.363281 0.697917 0.389323 0.697917 0.389323 0.671875 0.363281 0.671875
2 0.015625 0.865885 0.041667 0.865885 0.041667 0.839844 0.015625 0.839844
