0 0.003906 0.924479 1.000000 0.957031 1.000000 0.846354 0.039062 0.815104
1 0.829427 0.848958 0.881510 0.848958 0.881510 0.796875 0.829427 0.796875
1 0.363281 0.705729 0.415365 0.705729 0.415365 0.653646 0.363281 0.653646
1 0.339844 0.651042 0.391927 0.651042 0.391927 0.598958 0.339844 0.598958
1 0.660156 0.429688 0.712240 0.429688 0.712240 0.377604 0.660156 0.377604
1 0.036458 0.356771 0.088542 0.356771 0.088542 0.304688 0.036458 0.304688
1 0.380208 0.184896 0.432292 0.184896 0.432292 0.132812 0.380208 0.132812
1 0.617188 0.139323 0.669271 0.139323 0.669271 0.087240 0.617188 0.087240
1 0.329427 0.132812 0.381510 0.132812 0.381510 0.080729 0.329427 0.080729
2 0.787760 0.509115 0.813802 0.509115 0.813802 0.483073 0.787760 0.483073
2 0.582031 0.399740 0.608073 0.399740 0.608073 0.373698 0.582031 0.373698
2 0.420573 0.601562 0.446615 0.601562 0.446615 0.575521 0.420573 0.575521
2 0.128906 0.748698 0.154948 0.748698 0.154948 0.722656 0.128906 0.722656
2 0.385417 0.053385 0.411458 0.053385 0.411458 0.027344 0.385417 0.027344
