0 0.000000 0.108073 0.980469 0.088542 0.000000 0.001302 0.000000 0.001302
1 0.348958 0.841146 0.401042 0.841146 0.401042 0.789062 0.348958 0.789062
1 0.347656 0.763021 0.399740 0.763021 0.399740 0.710938 0.347656 0.710938
1 0.240885 0.582031 0.292969 0.582031 0.292969 0.529948 0.240885 0.529948
1 0.050781 0.247396 0.102865 0.247396 0.102865 0.195312 0.050781 0.195312
1 0.000000 0.067708 0.046875 0.067708 0.046875 0.015625 0.000000 0.015625
2 0.714844 0.914062 0.740885 0.914062 0.740885 0.888021 0.714844 0.888021
2 0.088542 0.794271 0.114583 0.794271 0.114583 0.768229 0.088542 0.768229
2 0.273438 0.895833 0.299479 0.895833 0.299479 0.869792 0.273438 0.869792
2 0.708333 0.496094 0.734375 0.496094 0.734375 0.470052 0.708333 0.470052
2 0.942708 0.490885 0.968750 0.490885 0.968750 0.464844 0.942708 0.464844
2 0.653646 0.315104 0.679688 0.315104 0.679688 0.289062 0.653646 0.289062
2 0.136719 0.690104 0.162760 0.690104 0.162760 0.664062 0.136719 0.664062
