0 0.016927 0.347656 1.000000 0.315104 1.000000 0.204427 0.022135 0.236979
1 0.354167 0.058594 0.406250 0.058594 0.406250 0.006510 0.354167 0.006510
1 0.386719 0.191406 0.438802 0.191406 0.438802 0.139323 0.386719 0.139323
1 0.597656 0.338542 0.649740 0.338542 0.649740 0.286458 0.597656 0.286458
1 0.477865 0.627604 0.529948 0.627604 0.529948 0.575521 0.477865 0.575521
1 0.639323 0.779948 0.691406 0.779948 0.691406 0.727865 0.639323 0.727865
2 0.776042 0.933594 0.802083 0.933594 0.802083 0.907552 0.776042 0.907552
2 0.484375 0.029948 0.510417 0.029948 0.510417 0.003906 0.484375 0.003906
2 0.414062 0.291667 0.440104 0.291667 0.440104 0.265625 0.414062 0.265625
2 0.117188 0.720052 0.143229 0.720052 0.143229 0.694010 0.117188 0.694010
2 0.410156 0.944010 0.436198 0.944010 0.436198 0.917969 0.410156 0.917969
2 0.295573 0.661458 0.321615 0.661458 0.321615 0.635417 0.295573 0.635417
2 0.859375 0.329427 0.885417 0.329427 0.885417 0.303385 0.859375 0.303385
