0 0.022135 0.596354 1.000000 0.548177 1.000000 0.437500 0.026042 0.485677
1 0.114583 0.098958 0.166667 0.098958 0.166667 0.046875 0.114583 0.046875
1 0.486979 0.238281 0.539062 0.238281 0.539062 0.186198 0.486979 0.186198
1 0.761719 0.536458 0.813802 0.536458 0.813802 0.484375 0.761719 0.484375
1 0.683594 0.541667 0.735677 0.541667 0.735677 0.489583 0.683594 0.489583
1 0.001302 0.888021 0.049479 0.888021 0.049479 0.835938 0.001302 0.835938
1 0.628906 0.986979 0.680990 0.986979 0.680990 0.934896 0.628906 0.934896
1 0.628906 0.998698 0.680990 0.998698 0.680990 0.960938 0.628906 0.960938
2 0.299479 0.638021 0.325521 0.638021 0.325521 0.611979 0.299479 0.611979
2 0.589844 0.729167 0.615885 0.729167 0.615885 0.703125 0.589844 0.703125
