0 0.063802 0.989583 0.117188 0.000000 0.006510 0.000000 0.001302 0.079427
1 0.716146 0.407552 0.768229 0.407552 0.768229 0.355469 0.716146 0.355469
1 0.684896 0.483073 0.736979 0.483073 0.736979 0.430990 0.684896 0.430990
1 0.477865 0.967448 0.529948 0.967448 0.529948 0.915365 0.477865 0.915365
1 0.446615 0.079427 0.498698 0.079427 0.498698 0.027344 0.446615 0.027344
1 0.316406 0.049479 0.368490 0.049479 0.368490 0.000000 0.316406 0.000000
1 0.186198 0.065104 0.238281 0.065104 0.238281 0.013021 0.186198 0.013021
1 0.100260 0.714844 0.152344 0.714844 0.152344 0.662760 0.100260 0.662760
2 0.309896 0.645833 0.335938 0.645833 0.335938 0.619792 0.309896 0.619792
2 0.869792 0.936198 0.895833 0.936198 0.895833 0.910156 0.869792 0.910156
2 0.971354 0.498698 0.997396 0.498698 0.997396 0.472656 0.971354 0.472656
2 0.388021 0.678385 0.414062 0.678385 0.414062 0.652344 0.388021 0.652344
2 0.916667 0.523438 0.942708 0.523438 0.942708 0.497396 0.916667 0.497396
2 0.496094 0.604167 0.522135 0.604167 0.522135 0.578125 0.496094 0.578125
