0 0.092448 0.997396 0.201823 0.964844 0.167969 0.000000 0.057292 0.000000
1 0.149740 0.953125 0.201823 0.953125 0.201823 0.901042 0.149740 0.901042
1 0.177083 0.222656 0.229167 0.222656 0.229167 0.170573 0.177083 0.170573
1 0.380208 0.087240 0.432292 0.087240 0.432292 0.035156 0.380208 0.035156
1 0.751302 0.227865 0.803385 0.227865 0.803385 0.175781 0.751302 0.175781
2 0.906250 0.251302 0.932292 0.251302 0.932292 0.225260 0.906250 0.225260
2 0.282552 0.246094 0.308594 0.246094 0.308594 0.220052 0.282552 0.220052
2 0.985677 0.273438 0.998698 0.273438 0.998698 0.247396 0.985677 0.247396
2 0.875000 0.824219 0.901042 0.824219 0.901042 0.798177 0.875000 0.798177
2 0.023438 0.307292 0.049479 0.307292 0.049479 0.281250 0.023438 0.281250
