0 0.003906 0.731771 1.000000 0.648437 1.000000 0.537760 0.006510 0.621094
1 0.195312 0.315104 0.247396 0.315104 0.247396 0.263021 0.195312 0.263021
1 0.942708 0.513021 0.994792 0.513021 0.994792 0.460937 0.942708 0.460937
1 0.420573 0.816406 0.472656 0.816406 0.472656 0.764323 0.420573 0.764323
1 0.553385 0.830729 0.605469 0.830729 0.605469 0.778646 0.553385 0.778646
1 0.477865 0.891927 0.529948 0.891927 0.529948 0.839844 0.477865 0.839844
1 0.743490 0.947917 0.795573 0.947917 0.795573 0.895833 0.743490 0.895833
1 0.589844 0.960938 0.641927 0.960938 0.641927 0.908854 0.589844 0.908854
2 0.359375 0.692708 0.385417 0.692708 0.385417 0.666667 0.359375 0.666667
2 0.929688 0.959635 0.955729 0.959635 0.955729 0.933594 0.929688 0.933594
