0 0.000000 0.197917 0.000000 0.308594 0.992188 0.177083 0.993490 0.066406
1 0.971354 0.725260 0.998698 0.725260 0.998698 0.673177 0.971354 0.673177
1 0.174479 0.644531 0.226562 0.644531 0.226562 0.592448 0.174479 0.592448
1 0.141927 0.596354 0.194010 0.596354 0.194010 0.544271 0.141927 0.544271
1 0.183594 0.513021 0.235677 0.513021 0.235677 0.460938 0.183594 0.460938
2 0.302083 0.604167 0.328125 0.604167 0.328125 0.578125 0.302083 0.578125
2 0.247396 0.979167 0.273438 0.979167 0.273438 0.953125 0.247396 0.953125
2 0.886719 0.264323 0.912760 0.264323 0.912760 0.238281 0.886719 0.238281
2 0.967448 0.884115 0.993490 0.884115 0.993490 0.858073 0.967448 0.858073
2 0.546875 0.677083 0.572917 0.677083 0.572917 0.651042 0.546875 0.651042
