0 0.261719 0.980469 0.372396 0.976562 0.417969 0.000000 0.308594 0.000000
1 0.889323 0.570313 0.941406 0.570313 0.941406 0.518229 0.889323 0.518229
1 0.666667 0.872396 0.718750 0.872396 0.718750 0.820312 0.666667 0.820312
1 0.416667 0.105469 0.468750 0.105469 0.468750 0.053385 0.416667 0.053385
1 0.272135 0.958333 0.324219 0.958333 0.324219 0.906250 0.272135 0.906250
1 0.141927 0.979167 0.194010 0.979167 0.194010 0.927083 0.141927 0.927083
1 0.059896 0.998698 0.111979 0.998698 0.111979 0.950521 0.059896 0.950521
1 0.001302 0.686198 0.050781 0.686198 0.050781 0.634115 0.001302 0.634115
1 0.001302 0.139323 0.050781 0.139323 0.050781 0.087240 0.001302 0.087240
2 0.194010 0.902344 0.220052 0.902344 0.220052 0.876302 0.194010 0.876302
