0 0.904948 1.000000 1.000000 0.837240 0.928385 0.014323 0.817708 0.011719
1 0.936198 0.408854 0.988281 0.408854 0.988281 0.356771 0.936198 0.356771
1 0.391927 0.167969 0.444010 0.167969 0.444010 0.115885 0.391927 0.115885
1 0.044271 0.093750 0.096354 0.093750 0.096354 0.041667 0.044271 0.041667
1 0.035156 0.278646 0.087240 0.278646 0.087240 0.226563 0.035156 0.226563
1 0.001302 0.204427 0.027344 0.204427 0.027344 0.152344 0.001302 0.152344
2 0.717448 0.899740 0.743490 0.899740 0.743490 0.873698 0.717448 0.873698
2 0.462240 0.684896 0.488281 0.684896 0.488281 0.658854 0.462240 0.658854
2 0.027344 0.776042 0.053385 0.776042 0.053385 0.750000 0.027344 0.750000
2 0.484375 0.343750 0.510417 0.343750 0.510417 0.317708 0.484375 0.317708
2 0.569010 0.990885 0.595052 0.990885 0.595052 0.964844 0.569010 0.964844
