0 0.019531 0.997396 0.130208 0.996094 0.257813 -0.000000 0.147135 -0.000000
1 0.898438 0.501302 0.950521 0.501302 0.950521 0.449219 0.898438 0.449219
1 0.839844 0.335938 0.891927 0.335938 0.891927 0.283854 0.839844 0.283854
1 0.661458 0.705729 0.713542 0.705729 0.713542 0.653646 0.661458 0.653646
1 0.628906 0.963542 0.680990 0.963542 0.680990 0.911458 0.628906 0.911458
1 0.593750 0.199219 0.645833 0.199219 0.645833 0.147135 0.593750 0.147135
1 0.347656 0.299479 0.399740 0.299479 0.399740 0.247396 0.347656 0.247396
1 0.031250 0.494792 0.083333 0.494792 0.083333 0.442708 0.031250 0.442708
2 0.257813 0.156250 0.283854 0.156250 0.283854 0.130208 0.257813 0.130208
2 0.358073 0.404948 0.384115 0.404948 0.384115 0.378906 0.358073 0.378906
2 0.266927 0.916667 0.292969 0.916667 0.292969 0.890625 0.266927 0.890625
2 0.315104 0.949219 0.341146 0.949219 0.341146 0.923177 0.315104 0.923177
2 0.769531 0.875000 0.795573 0.875000 0.795573 0.848958 0.769531 0.848958
2 0.166667 0.247396 0.192708 0.247396 0.192708 0.221354 0.166667 0.221354
2 0.143229 0.850260 0.169271 0.850260 0.169271 0.824219 0.143229 0.824219
