0 0.191406 1.000000 0.302083 1.000000 0.458333 0.005208 0.347656 0.006510
1 0.191406 0.984375 0.243490 0.984375 0.243490 0.932292 0.191406 0.932292
1 0.477865 0.500000 0.529948 0.500000 0.529948 0.447917 0.477865 0.447917
1 0.513021 0.269531 0.565104 0.269531 0.565104 0.217448 0.513021 0.217448
1 0.466146 0.735677 0.518229 0.735677 0.518229 0.683594 0.466146 0.683594
1 0.548177 0.563802 0.600260 0.563802 0.600260 0.511719 0.548177 0.511719
1 0.574219 0.726562 0.626302 0.726562 0.626302 0.674479 0.574219 0.674479
1 0.680990 0.716146 0.733073 0.716146 0.733073 0.664062 0.680990 0.664062
1 0.750000 0.437500 0.802083 0.437500 0.802083 0.385417 0.750000 0.385417
2 0.470052 0.865885 0.496094 0.865885 0.496094 0.839844 0.470052 0.839844
2 0.144531 0.763021 0.170573 0.763021 0.170573 0.736979 0.144531 0.736979
2 0.829427 0.766927 0.855469 0.766927 0.855469 0.740885 0.829427 0.740885
2 0.626302 0.549479 0.652344 0.549479 0.652344 0.523438 0.626302 0.523438
2 0.158854 0.845052 0.184896 0.845052 0.184896 0.819010 0.158854 0.819010
2 0.536458 0.270833 0.562500 0.270833 0.562500 0.244792 0.536458 0.244792
2 0.347656 0.638021 0.373698 0.638021 0.373698 0.611979 0.347656 0.611979
