0 0.210938 0.979167 0.321615 0.975260 0.368490 0.000000 0.257812 0.000000
1 0.744792 0.902344 0.796875 0.902344 0.796875 0.850260 0.744792 0.850260
1 0.730469 0.617188 0.782552 0.617188 0.782552 0.565104 0.730469 0.565104
1 0.555990 0.998698 0.608073 0.998698 0.608073 0.973958 0.555990 0.973958
1 0.510417 0.839844 0.562500 0.839844 0.562500 0.787760 0.510417 0.787760
1 0.243490 0.463542 0.295573 0.463542 0.295573 0.411458 0.243490 0.411458
1 0.204427 0.746094 0.256510 0.746094 0.256510 0.694010 0.204427 0.694010
2 0.792969 0.932292 0.819010 0.932292 0.819010 0.906250 0.792969 0.906250
2 0.940104 0.050781 0.966146 0.050781 0.966146 0.024740 0.940104 0.024740
2 0.203125 0.744792 0.229167 0.744792 0.229167 0.718750 0.203125 0.718750
2 0.415365 0.652344 0.441406 0.652344 0.441406 0.626302 0.415365 0.626302
2 0.552083 0.527344 0.578125 0.527344 0.578125 0.501302 0.552083 0.501302
2 0.623698 0.139323 0.649740 0.139323 0.649740 0.113281 0.623698 0.113281
2 0.873698 0.908854 0.899740 0.908854 0.899740 0.882812 0.873698 0.882812
