0 0.765625 1.000000 0.876302 1.000000 0.944010 0.010417 0.833333 0.014323
1 0.057292 0.500000 0.109375 0.500000 0.109375 0.447917 0.057292 0.447917
1 0.212240 0.535156 0.264323 0.535156 0.264323 0.483073 0.212240 0.483073
1 0.286458 0.593750 0.338542 0.593750 0.338542 0.541667 0.286458 0.541667
1 0.483073 0.763021 0.535156 0.763021 0.535156 0.710938 0.483073 0.710938
1 0.623698 0.614583 0.675781 0.614583 0.675781 0.562500 0.623698 0.562500
1 0.703125 0.593750 0.755208 0.593750 0.755208 0.541667 0.703125 0.541667
2 0.380208 0.753906 0.406250 0.753906 0.406250 0.727865 0.380208 0.727865
2 0.513021 0.319010 0.539062 0.319010 0.539062 0.292969 0.513021 0.292969
2 0.028646 0.938802 0.054688 0.938802 0.054688 0.912760 0.028646 0.912760
2 0.050781 0.967448 0.076823 0.967448 0.076823 0.941406 0.050781 0.941406
2 0.390625 0.963542 0.416667 0.963542 0.416667 0.937500 0.390625 0.937500
2 0.231771 0.613281 0.257812 0.613281 0.257812 0.587240 0.231771 0.587240
2 0.080729 0.916667 0.106771 0.916667 0.106771 0.890625 0.080729 0.890625
2 0.545573 0.244792 0.571615 0.244792 0.571615 0.218750 0.545573 0.218750
