0 0.000000 0.500000 0.984375 0.544271 0.980469 0.433594 0.000000 0.389323
1 0.960938 0.104167 0.998698 0.104167 0.998698 0.052083 0.960938 0.052083
1 0.678385 0.638021 0.730469 0.638021 0.730469 0.585938 0.678385 0.585938
1 0.075521 0.664062 0.127604 0.664062 0.127604 0.611979 0.075521 0.611979
1 0.046875 0.716146 0.098958 0.716146 0.098958 0.664062 0.046875 0.664062
2 0.546875 0.658854 0.572917 0.658854 0.572917 0.632812 0.546875 0.632812
2 0.360677 0.727865 0.386719 0.727865 0.386719 0.701823 0.360677 0.701823
2 0.384115 0.180990 0.410156 0.180990 0.410156 0.154948 0.384115 0.154948
2 0.070312 0.766927 0.096354 0.766927 0.096354 0.740885 0.070312 0.740885
2 0.096354 0.194010 0.122396 0.194010 0.122396 0.167969 0.096354 0.167969
2 0.102865 0.611979 0.128906 0.611979 0.128906 0.585938 0.102865 0.585938
2 0.565104 0.190104 0.591146 0.190104 0.591146 0.164062 0.565104 0.164062
2 0.510417 0.890625 0.536458 0.890625 0.536458 0.864583 0.510417 0.864583
