0 0.699219 1.000000 0.809896 1.000000 0.733073 0.001302 0.623698 0.015625
1 0.804688 0.057292 0.856771 0.057292 0.856771 0.005208 0.804688 0.005208
1 0.647135 0.384115 0.699219 0.384115 0.699219 0.332031 0.647135 0.332031
1 0.588542 0.309896 0.640625 0.309896 0.640625 0.257812 0.588542 0.257812
1 0.506510 0.967448 0.558594 0.967448 0.558594 0.915365 0.506510 0.915365
1 0.205729 0.078125 0.257812 0.078125 0.257812 0.026042 0.205729 0.026042
1 0.088542 0.242188 0.140625 0.242188 0.140625 0.190104 0.088542 0.190104
1 0.045573 0.716146 0.097656 0.716146 0.097656 0.664062 0.045573 0.664062
2 0.734375 0.506510 0.760417 0.506510 0.760417 0.480469 0.734375 0.480469
2 0.095052 0.322917 0.121094 0.322917 0.121094 0.296875 0.095052 0.296875
