0 0.000000 0.786458 0.993490 0.873698 0.992188 0.763021 0.000000 0.675781
1 0.272135 0.140625 0.324219 0.140625 0.324219 0.088542 0.272135 0.088542
1 0.500000 0.213542 0.552083 0.213542 0.552083 0.161458 0.500000 0.161458
1 0.574219 0.273438 0.626302 0.273438 0.626302 0.221354 0.574219 0.221354
1 0.326823 0.407552 0.378906 0.407552 0.378906 0.355469 0.326823 0.355469
2 0.539062 0.346354 0.565104 0.346354 0.565104 0.320312 0.539062 0.320312
2 0.524740 0.214844 0.550781 0.214844 0.550781 0.188802 0.524740 0.188802
2 0.164062 0.445312 0.190104 0.445312 0.190104 0.419271 0.164062 0.419271
2 0.143229 0.992188 0.169271 0.992188 0.169271 0.966146 0.143229 0.966146
2 0.850260 0.373698 0.876302 0.373698 0.876302 0.347656 0.850260 0.347656
