0 0.342448 0.998698 0.451823 0.985677 0.368490 0.000000 0.257812 0.000000
1 0.000000 0.983073 0.040365 0.983073 0.040365 0.930990 0.000000 0.930990
1 0.614583 0.644531 0.666667 0.644531 0.666667 0.592448 0.614583 0.592448
1 0.759115 0.815104 0.811198 0.815104 0.811198 0.763021 0.759115 0.763021
2 0.661458 0.901042 0.687500 0.901042 0.687500 0.875000 0.661458 0.875000
2 0.983073 0.354167 0.998698 0.354167 0.998698 0.328125 0.983073 0.328125
2 0.851562 0.024740 0.877604 0.024740 0.877604 0.000000 0.851562 0.000000
2 0.878906 0.048177 0.904948 0.048177 0.904948 0.022135 0.878906 0.022135
2 0.067708 0.351562 0.093750 0.351562 0.093750 0.325521 0.067708 0.325521
2 0.473958 0.838542 0.500000 0.838542 0.500000 0.812500 0.473958 0.812500
2 0.095052 0.998698 0.121094 0.998698 0.121094 0.976562 0.095052 0.976562
2 0.492188 0.734375 0.518229 0.734375 0.518229 0.708333 0.492188 0.708333
