0 0.589844 1.000000 0.700521 1.000000 0.529948 0.002604 0.419271 0.001302
1 0.911458 0.768229 0.963542 0.768229 0.963542 0.716146 0.911458 0.716146
1 0.759115 0.029948 0.811198 0.029948 0.811198 0.001302 0.759115 0.001302
1 0.606771 0.688802 0.658854 0.688802 0.658854 0.636719 0.606771 0.636719
1 0.446615 0.055990 0.498698 0.055990 0.498698 0.003906 0.446615 0.003906
1 0.294271 0.239583 0.346354 0.239583 0.346354 0.187500 0.294271 0.187500
1 0.259115 0.669271 0.311198 0.669271 0.311198 0.617188 0.259115 0.617188
2 0.050781 0.654948 0.076823 0.654948 0.076823 0.628906 0.050781 0.628906
2 0.921875 0.187500 0.947917 0.187500 0.947917 0.161458 0.921875 0.161458
2 0.087240 0.252604 0.113281 0.252604 0.113281 0.226562 0.087240 0.226562
2 0.604167 0.957031 0.630208 0.957031 0.630208 0.930990 0.604167 0.930990
2 0.298177 0.558594 0.324219 0.558594 0.324219 0.532552 0.298177 0.532552
