0 0.927083 1.000000 0.998698 1.000000 0.998698 1.000000 0.998698 0.277344
1 0.005208 0.479167 0.057292 0.479167 0.057292 0.427083 0.005208 0.427083
1 0.074219 0.042969 0.126302 0.042969 0.126302 0.001302 0.074219 0.001302
1 0.552083 0.272135 0.604167 0.272135 0.604167 0.220052 0.552083 0.220052
1 0.647135 0.098958 0.699219 0.098958 0.699219 0.046875 0.647135 0.046875
2 0.100260 0.567708 0.126302 0.567708 0.126302 0.541667 0.100260 0.541667
2 0.743490 0.421875 0.769531 0.421875 0.769531 0.395833 0.743490 0.395833
2 0.337240 0.302083 0.363281 0.302083 0.363281 0.276042 0.337240 0.276042
2 0.518229 0.845052 0.544271 0.845052 0.544271 0.819010 0.518229 0.819010
2 0.485677 0.919271 0.511719 0.919271 0.511719 0.893229 0.485677 0.893229
