0 0.795573 1.000000 0.906250 1.000000 0.738281 0.003906 0.627604 0.002604
1 0.765625 0.372396 0.817708 0.372396 0.817708 0.320312 0.765625 0.320312
1 0.623698 0.791667 0.675781 0.791667 0.675781 0.739583 0.623698 0.739583
1 0.417969 0.191406 0.470052 0.191406 0.470052 0.139323 0.417969 0.139323
1 0.385417 0.303385 0.437500 0.303385 0.437500 0.251302 0.385417 0.251302
1 0.445312 0.981771 0.497396 0.981771 0.497396 0.929688 0.445312 0.929688
1 0.235677 0.832031 0.287760 0.832031 0.287760 0.779948 0.235677 0.779948
1 0.067708 0.463542 0.119792 0.463542 0.119792 0.411458 0.067708 0.411458
2 0.454427 0.399740 0.480469 0.399740 0.480469 0.373698 0.454427 0.373698
2 0.848958 0.704427 0.875000 0.704427 0.875000 0.678385 0.848958 0.678385
2 0.570312 0.302083 0.596354 0.302083 0.596354 0.276042 0.570312 0.276042
2 0.451823 0.217448 0.477865 0.217448 0.477865 0.191406 0.451823 0.191406
2 0.382812 0.123698 0.408854 0.123698 0.408854 0.097656 0.382812 0.097656
2 0.321615 0.080729 0.347656 0.080729 0.347656 0.054688 0.321615 0.054688
2 0.497396 0.658854 0.523438 0.658854 0.523438 0.632812 0.497396 0.632812
2 0.878906 0.725260 0.904948 0.725260 0.904948 0.699219 0.878906 0.699219
