0 0.803385 0.992188 0.914062 0.988281 0.976562 0.000000 0.865885 0.000000
1 0.916667 0.968750 0.968750 0.968750 0.968750 0.916667 0.916667 0.916667
1 0.856771 0.261719 0.908854 0.261719 0.908854 0.209635 0.856771 0.209635
1 0.709635 0.539062 0.761719 0.539062 0.761719 0.486979 0.709635 0.486979
1 0.683594 0.121094 0.735677 0.121094 0.735677 0.069010 0.683594 0.069010
1 0.567708 0.296875 0.619792 0.296875 0.619792 0.244792 0.567708 0.244792
1 0.522135 0.190104 0.574219 0.190104 0.574219 0.138021 0.522135 0.138021
1 0.489583 0.292969 0.541667 0.292969 0.541667 0.240885 0.489583 0.240885
2 0.630208 0.951823 0.656250 0.951823 0.656250 0.925781 0.630208 0.925781
2 0.661458 0.458333 0.687500 0.458333 0.687500 0.432292 0.661458 0.432292
2 0.035156 0.053385 0.061198 0.053385 0.061198 0.027344 0.035156 0.027344
2 0.052083 0.602865 0.078125 0.602865 0.078125 0.576823 0.052083 0.576823
2 0.595052 0.272135 0.621094 0.272135 0.621094 0.246094 0.595052 0.246094
2 0.541667 0.295573 0.567708 0.295573 0.567708 0.269531 0.541667 0.269531
2 0.449219 0.105469 0.475260 0.105469 0.475260 0.079427 0.449219 0.079427
2 0.821615 0.808594 0.847656 0.808594 0.847656 0.782552 0.821615 0.782552
