0 0.000000 0.462240 0.993490 0.378906 0.996094 0.268229 0.000000 0.351563
1 0.752604 0.736979 0.804688 0.736979 0.804688 0.684896 0.752604 0.684896
1 0.005208 0.539063 0.057292 0.539063 0.057292 0.486979 0.005208 0.486979
1 0.527344 0.235677 0.579427 0.235677 0.579427 0.183594 0.527344 0.183594
1 0.394531 0.221354 0.446615 0.221354 0.446615 0.169271 0.394531 0.169271
1 0.470052 0.160156 0.522135 0.160156 0.522135 0.108073 0.470052 0.108073
1 0.204427 0.104167 0.256510 0.104167 0.256510 0.052083 0.204427 0.052083
1 0.358073 0.091146 0.410156 0.091146 0.410156 0.039062 0.358073 0.039062
2 0.614583 0.333333 0.640625 0.333333 0.640625 0.307292 0.614583 0.307292
2 0.044271 0.066406 0.070312 0.066406 0.070312 0.040365 0.044271 0.040365
