0 0.010417 0.908854 0.802083 1.000000 1.000000 0.912760 0.009115 0.798177
1 0.240885 0.735677 0.292969 0.735677 0.292969 0.683594 0.240885 0.683594
1 0.084635 0.717448 0.136719 0.717448 0.136719 0.665365 0.084635 0.665365
1 0.825521 0.673177 0.877604 0.673177 0.877604 0.621094 0.825521 0.621094
1 0.786458 0.089844 0.838542 0.089844 0.838542 0.037760 0.786458 0.037760
2 0.886719 0.572917 0.912760 0.572917 0.912760 0.546875 0.886719 0.546875
2 0.451823 0.705729 0.477865 0.705729 0.477865 0.679688 0.451823 0.679688
2 0.446615 0.522135 0.472656 0.522135 0.472656 0.496094 0.446615 0.496094
2 0.324219 0.691406 0.350260 0.691406 0.350260 0.665365 0.324219 0.665365
2 0.110677 0.484375 0.136719 0.484375 0.136719 0.458333 0.110677 0.458333
