0 0.217448 0.959635 0.328125 0.973958 0.315104 0.000000 0.204427 0.000000
1 0.130208 0.217448 0.182292 0.217448 0.182292 0.165365 0.130208 0.165365
1 0.257812 0.061198 0.309896 0.061198 0.309896 0.009115 0.257812 0.009115
1 0.477865 0.889323 0.529948 0.889323 0.529948 0.837240 0.477865 0.837240
1 0.674479 0.053385 0.726562 0.053385 0.726562 0.001302 0.674479 0.001302
1 0.891927 0.753906 0.944010 0.753906 0.944010 0.701823 0.891927 0.701823
1 0.940104 0.416667 0.992188 0.416667 0.992188 0.364583 0.940104 0.364583
2 0.417969 0.188802 0.444010 0.188802 0.444010 0.162760 0.417969 0.162760
2 0.733073 0.470052 0.759115 0.470052 0.759115 0.444010 0.733073 0.444010
2 0.180990 0.033854 0.207031 0.033854 0.207031 0.007812 0.180990 0.007812
