0 0.000000 0.165365 0.985677 0.236979 0.983073 0.126302 0.000000 0.054688
1 0.152344 0.631510 0.204427 0.631510 0.204427 0.579427 0.152344 0.579427
1 0.647135 0.667969 0.699219 0.667969 0.699219 0.615885 0.647135 0.615885
2 0.084635 0.837240 0.110677 0.837240 0.110677 0.811198 0.084635 0.811198
2 0.000000 0.567708 0.024740 0.567708 0.024740 0.541667 0.000000 0.541667
2 0.600260 0.901042 0.626302 0.901042 0.626302 0.875000 0.600260 0.875000
2 0.005208 0.492188 0.031250 0.492188 0.031250 0.466146 0.005208 0.466146
2 0.075521 0.574219 0.101562 0.574219 0.101562 0.548177 0.075521 0.548177
2 0.182292 0.555990 0.208333 0.555990 0.208333 0.529948 0.182292 0.529948
2 0.653646 0.170573 0.679688 0.170573 0.679688 0.144531 0.653646 0.144531
