0 0.042969 0.998698 0.694010 0.998698 1.000000 0.946615 1.000000 0.835938
1 0.670573 0.121094 0.722656 0.121094 0.722656 0.069010 0.670573 0.069010
1 0.950521 0.683594 1.000000 0.683594 1.000000 0.631510 0.950521 0.631510
1 0.647135 0.919271 0.699219 0.919271 0.699219 0.867188 0.647135 0.867188
1 0.575521 0.958333 0.627604 0.958333 0.627604 0.906250 0.575521 0.906250
1 0.291667 0.998698 0.343750 0.998698 0.343750 0.953125 0.291667 0.953125
2 0.350260 0.256510 0.376302 0.256510 0.376302 0.230469 0.350260 0.230469
2 0.575521 0.485677 0.601562 0.485677 0.601562 0.459635 0.575521 0.459635
2 0.895833 0.510417 0.921875 0.510417 0.921875 0.484375 0.895833 0.484375
2 0.048177 0.334635 0.074219 0.334635 0.074219 0.308594 0.048177 0.308594
2 0.822917 0.230469 0.848958 0.230469 0.848958 0.204427 0.822917 0.204427
2 0.817708 0.048177 0.843750 0.048177 0.843750 0.022135 0.817708 0.022135
2 0.839844 0.175781 0.865885 0.175781 0.865885 0.149740 0.839844 0.149740
