0 1.000000 0.292969 1.000000 0.182292 0.005208 0.026042 0.006510 0.136719
1 0.911458 0.938802 0.963542 0.938802 0.963542 0.886719 0.911458 0.886719
1 0.364583 0.721354 0.416667 0.721354 0.416667 0.669271 0.364583 0.669271
1 0.786458 0.733073 0.838542 0.733073 0.838542 0.680990 0.786458 0.680990
1 0.453125 0.656250 0.505208 0.656250 0.505208 0.604167 0.453125 0.604167
1 0.772135 0.308594 0.824219 0.308594 0.824219 0.256510 0.772135 0.256510
1 0.054688 0.171875 0.106771 0.171875 0.106771 0.119792 0.054688 0.119792
1 0.792969 0.180990 0.845052 0.180990 0.845052 0.128906 0.792969 0.128906
2 0.527344 0.348958 0.553385 0.348958 0.553385 0.322917 0.527344 0.322917
2 0.759115 0.885417 0.785156 0.885417 0.785156 0.859375 0.759115 0.859375
2 0.954427 0.309896 0.980469 0.309896 0.980469 0.283854 0.954427 0.283854
2 0.524740 0.191406 0.550781 0.191406 0.550781 0.165365 0.524740 0.165365
2 0.679688 0.213542 0.705729 0.213542 0.705729 0.187500 0.679688 0.187500
2 0.492188 0.739583 0.518229 0.739583 0.518229 0.713542 0.492188 0.713542
2 0.496094 0.712240 0.522135 0.712240 0.522135 0.686198 0.496094 0.686198
2 0.772135 0.122396 0.798177 0.122396 0.798177 0.096354 0.772135 0.096354
