0 0.720052 0.998698 1.000000 0.985677 1.000000 0.876302 0.011719 0.917969
1 0.350260 0.033854 0.402344 0.033854 0.402344 0.000000 0.350260 0.000000
1 0.485677 0.135417 0.537760 0.135417 0.537760 0.083333 0.485677 0.083333
1 0.042969 0.177083 0.095052 0.177083 0.095052 0.125000 0.042969 0.125000
1 0.825521 0.197917 0.877604 0.197917 0.877604 0.145833 0.825521 0.145833
1 0.420573 0.476562 0.472656 0.476562 0.472656 0.424479 0.420573 0.424479
1 0.576823 0.493490 0.628906 0.493490 0.628906 0.441406 0.576823 0.441406
1 0.371094 0.557292 0.423177 0.557292 0.423177 0.505208 0.371094 0.505208
1 0.125000 0.904948 0.177083 0.904948 0.177083 0.852865 0.125000 0.852865
2 0.453125 0.605469 0.479167 0.605469 0.479167 0.579427 0.453125 0.579427
2 0.837240 0.430990 0.863281 0.430990 0.863281 0.404948 0.837240 0.404948
2 0.795573 0.694010 0.821615 0.694010 0.821615 0.667969 0.795573 0.667969
