0 0.000000 0.283854 0.989583 0.174479 0.990885 0.063802 0.000000 0.173177
1 0.545573 0.701823 0.597656 0.701823 0.597656 0.649740 0.545573 0.649740
1 0.804688 0.674479 0.856771 0.674479 0.856771 0.622396 0.804688 0.622396
1 0.700521 0.449219 0.752604 0.449219 0.752604 0.397135 0.700521 0.397135
1 0.256510 0.472656 0.308594 0.472656 0.308594 0.420573 0.256510 0.420573
1 0.410156 0.191406 0.462240 0.191406 0.462240 0.139323 0.410156 0.139323
1 0.079427 0.046875 0.131510 0.046875 0.131510 0.001302 0.079427 0.001302
2 0.459635 0.871094 0.485677 0.871094 0.485677 0.845052 0.459635 0.845052
2 0.419271 0.507812 0.445312 0.507812 0.445312 0.481771 0.419271 0.481771
2 0.045573 0.207031 0.071615 0.207031 0.071615 0.180990 0.045573 0.180990
2 0.888021 0.954427 0.914062 0.954427 0.914062 0.928385 0.888021 0.928385
