0 0.001302 0.528646 0.058594 -0.000000 0.001302 -0.000000 0.001302 -0.000000
1 0.881510 0.884115 0.933594 0.884115 0.933594 0.832031 0.881510 0.832031
1 0.346354 0.983073 0.398437 0.983073 0.398437 0.930990 0.346354 0.930990
1 0.272135 0.217448 0.324219 0.217448 0.324219 0.165365 0.272135 0.165365
1 0.089844 0.954427 0.141927 0.954427 0.141927 0.902344 0.089844 0.902344
2 0.700521 0.600260 0.726562 0.600260 0.726562 0.574219 0.700521 0.574219
2 0.369792 0.747396 0.395833 0.747396 0.395833 0.721354 0.369792 0.721354
2 0.450521 0.493490 0.476562 0.493490 0.476562 0.467448 0.450521 0.467448
2 0.920573 0.256510 0.946615 0.256510 0.946615 0.230469 0.920573 0.230469
2 0.343750 0.772135 0.369792 0.772135 0.369792 0.746094 0.343750 0.746094
