0 1.000000 0.308594 1.000000 0.197917 0.006510 0.066406 0.007813 0.177083
1 0.001302 0.725260 0.028646 0.725260 0.028646 0.673177 0.001302 0.673177
1 0.773438 0.644531 0.825521 0.644531 0.825521 0.592448 0.773438 0.592448
1 0.805990 0.596354 0.858073 0.596354 0.858073 0.544271 0.805990 0.544271
1 0.764323 0.513021 0.816406 0.513021 0.816406 0.460938 0.764323 0.460938
2 0.671875 0.604167 0.697917 0.604167 0.697917 0.578125 0.671875 0.578125
2 0.726562 0.979167 0.752604 0.979167 0.752604 0.953125 0.726562 0.953125
2 0.087240 0.264323 0.113281 0.264323 0.113281 0.238281 0.087240 0.238281
2 0.006510 0.884115 0.032552 0.884115 0.032552 0.858073 0.006510 0.858073
2 0.427083 0.677083 0.453125 0.677083 0.453125 0.651042 0.427083 0.651042
