0 0.520833 1.000000 0.631510 1.000000 0.615885 0.036458 0.505208 0.024740
1 0.707031 0.419271 0.759115 0.419271 0.759115 0.367188 0.707031 0.367188
1 0.657552 0.574219 0.709635 0.574219 0.709635 0.522135 0.657552 0.522135
1 0.600260 0.238281 0.652344 0.238281 0.652344 0.186198 0.600260 0.186198
1 0.470052 0.291667 0.522135 0.291667 0.522135 0.239583 0.470052 0.239583
1 0.429688 0.944010 0.481771 0.944010 0.481771 0.891927 0.429688 0.891927
1 0.292969 0.582031 0.345052 0.582031 0.345052 0.529948 0.292969 0.529948
2 0.690104 0.966146 0.716146 0.966146 0.716146 0.940104 0.690104 0.940104
2 0.059896 0.585938 0.085938 0.585938 0.085938 0.559896 0.059896 0.559896
2 0.648438 0.055990 0.674479 0.055990 0.674479 0.029948 0.648438 0.029948
2 0.708333 0.549479 0.734375 0.549479 0.734375 0.523438 0.708333 0.523438
2 0.217448 0.740885 0.243490 0.740885 0.243490 0.714844 0.217448 0.714844
2 0.841146 0.730469 0.867188 0.730469 0.867188 0.704427 0.841146 0.704427
2 0.494792 0.058594 0.520833 0.058594 0.520833 0.032552 0.494792 0.032552
