0 0.184896 1.000000 0.295573 1.000000 0.351563 0.020833 0.242188 0.001302
1 0.132812 0.089844 0.184896 0.089844 0.184896 0.037760 0.132812 0.037760
1 0.277344 0.750000 0.329427 0.750000 0.329427 0.697917 0.277344 0.697917
2 0.209635 0.093750 0.235677 0.093750 0.235677 0.067708 0.209635 0.067708
2 0.001302 0.080729 0.027344 0.080729 0.027344 0.054688 0.001302 0.054688
2 0.977865 0.345052 0.998698 0.345052 0.998698 0.319010 0.977865 0.319010
2 0.940104 0.579427 0.966146 0.579427 0.966146 0.553385 0.940104 0.553385
2 0.494792 0.605469 0.520833 0.605469 0.520833 0.579427 0.494792 0.579427
2 0.763021 0.463542 0.789062 0.463542 0.789062 0.437500 0.763021 0.437500
2 0.477865 0.447917 0.503906 0.447917 0.503906 0.421875 0.477865 0.421875
2 0.656250 0.953125 0.682292 0.953125 0.682292 0.927083 0.656250 0.927083
