0 0.585938 1.000000 0.696615 1.000000 0.733073 0.002604 0.622396 0.007812
1 0.139323 0.382812 0.191406 0.382812 0.191406 0.330729 0.139323 0.330729
1 0.348958 0.365885 0.401042 0.365885 0.401042 0.313802 0.348958 0.313802
1 0.688802 0.377604 0.740885 0.377604 0.740885 0.325521 0.688802 0.325521
1 0.842448 0.408854 0.894531 0.408854 0.894531 0.356771 0.842448 0.356771
2 0.197917 0.152344 0.223958 0.152344 0.223958 0.126302 0.197917 0.126302
2 0.154948 0.644531 0.180990 0.644531 0.180990 0.618490 0.154948 0.618490
2 0.964844 0.647135 0.990885 0.647135 0.990885 0.621094 0.964844 0.621094
2 0.777344 0.067708 0.803385 0.067708 0.803385 0.041667 0.777344 0.041667
2 0.029948 0.483073 0.055990 0.483073 0.055990 0.457031 0.029948 0.457031
2 0.070312 0.095052 0.096354 0.095052 0.096354 0.069010 0.070312 0.069010
2 0.740885 0.300781 0.766927 0.300781 0.766927 0.274740 0.740885 0.274740
