0 0.015625 0.544271 1.000000 0.500000 1.000000 0.389323 0.019531 0.433594
1 0.001302 0.104167 0.039062 0.104167 0.039062 0.052083 0.001302 0.052083
1 0.269531 0.638021 0.321615 0.638021 0.321615 0.585938 0.269531 0.585938
1 0.872396 0.664062 0.924479 0.664062 0.924479 0.611979 0.872396 0.611979
1 0.901042 0.716146 0.953125 0.716146 0.953125 0.664062 0.901042 0.664062
2 0.427083 0.658854 0.453125 0.658854 0.453125 0.632812 0.427083 0.632812
2 0.613281 0.727865 0.639323 0.727865 0.639323 0.701823 0.613281 0.701823
2 0.589844 0.180990 0.615885 0.180990 0.615885 0.154948 0.589844 0.154948
2 0.903646 0.766927 0.929688 0.766927 0.929688 0.740885 0.903646 0.740885
2 0.877604 0.194010 0.903646 0.194010 0.903646 0.167969 0.877604 0.167969
2 0.871094 0.611979 0.897135 0.611979 0.897135 0.585937 0.871094 0.585938
2 0.408854 0.190104 0.434896 0.190104 0.434896 0.164062 0.408854 0.164062
2 0.463542 0.890625 0.489583 0.890625 0.489583 0.864583 0.463542 0.864583
