0 0.000000 0.157552 0.980469 0.205729 0.976562 0.095052 0.000000 0.046875
1 0.372396 0.467448 0.424479 0.467448 0.424479 0.415365 0.372396 0.415365
1 0.501302 0.475260 0.553385 0.475260 0.553385 0.423177 0.501302 0.423177
1 0.881510 0.701823 0.933594 0.701823 0.933594 0.649740 0.881510 0.649740
1 0.641927 0.792969 0.694010 0.792969 0.694010 0.740885 0.641927 0.740885
1 0.662760 0.898438 0.714844 0.898438 0.714844 0.846354 0.662760 0.846354
2 0.928385 0.782552 0.954427 0.782552 0.954427 0.756510 0.928385 0.756510
2 0.063802 0.373698 0.089844 0.373698 0.089844 0.347656 0.063802 0.347656
2 0.134115 0.535156 0.160156 0.535156 0.160156 0.509115 0.134115 0.509115
2 0.042969 0.243490 0.069010 0.243490 0.069010 0.217448 0.042969 0.217448
2 0.199219 0.796875 0.225260 0.796875 0.225260 0.770833 0.199219 0.770833
