0 0.363281 0.890625 0.473958 0.869792 0.483073 0.000000 0.372396 0.000000
1 0.838542 0.451823 0.890625 0.451823 0.890625 0.399740 0.838542 0.399740
1 0.757812 0.998698 0.809896 0.998698 0.809896 0.971354 0.757812 0.971354
1 0.497396 0.837240 0.549479 0.837240 0.549479 0.785156 0.497396 0.785156
1 0.475260 0.421875 0.527344 0.421875 0.527344 0.369792 0.475260 0.369792
1 0.473958 0.630208 0.526042 0.630208 0.526042 0.578125 0.473958 0.578125
1 0.312500 0.998698 0.364583 0.998698 0.364583 0.966146 0.312500 0.966146
1 0.190104 0.235677 0.242188 0.235677 0.242188 0.183594 0.190104 0.183594
1 0.162760 0.626302 0.214844 0.626302 0.214844 0.574219 0.162760 0.574219
2 0.319010 0.575521 0.345052 0.575521 0.345052 0.549479 0.319010 0.549479
2 0.134115 0.781250 0.160156 0.781250 0.160156 0.755208 0.134115 0.755208
2 0.416667 0.967448 0.442708 0.967448 0.442708 0.941406 0.416667 0.941406
2 0.942708 0.503906 0.968750 0.503906 0.968750 0.477865 0.942708 0.477865
2 0.761719 0.449219 0.787760 0.449219 0.787760 0.423177 0.761719 0.423177
2 0.449219 0.500000 0.475260 0.500000 0.475260 0.473958 0.449219 0.473958
2 0.842448 0.110677 0.868490 0.110677 0.868490 0.084635 0.842448 0.084635
