0 0.001302 0.975260 0.109375 0.998698 0.212240 0.000000 0.101562 0.000000
1 0.838542 0.799479 0.890625 0.799479 0.890625 0.747396 0.838542 0.747396
1 0.662760 0.729167 0.714844 0.729167 0.714844 0.677083 0.662760 0.677083
1 0.446615 0.286458 0.498698 0.286458 0.498698 0.234375 0.446615 0.234375
1 0.248698 0.161458 0.300781 0.161458 0.300781 0.109375 0.248698 0.109375
2 0.354167 0.145833 0.380208 0.145833 0.380208 0.119792 0.354167 0.119792
2 0.240885 0.498698 0.266927 0.498698 0.266927 0.472656 0.240885 0.472656
2 0.346354 0.747396 0.372396 0.747396 0.372396 0.721354 0.346354 0.721354
2 0.158854 0.282552 0.184896 0.282552 0.184896 0.256510 0.158854 0.256510
2 0.843750 0.980469 0.869792 0.980469 0.869792 0.954427 0.843750 0.954427
