0 0.035156 0.201823 1.000000 0.167969 1.000000 0.057292 0.002604 0.092448
1 0.046875 0.201823 0.098958 0.201823 0.098958 0.149740 0.046875 0.149740
1 0.777344 0.229167 0.829427 0.229167 0.829427 0.177083 0.777344 0.177083
1 0.912760 0.432292 0.964844 0.432292 0.964844 0.380208 0.912760 0.380208
1 0.772135 0.803385 0.824219 0.803385 0.824219 0.751302 0.772135 0.751302
2 0.748698 0.932292 0.774740 0.932292 0.774740 0.906250 0.748698 0.906250
2 0.753906 0.308594 0.779948 0.308594 0.779948 0.282552 0.753906 0.282552
2 0.726562 0.998698 0.752604 0.998698 0.752604 0.985677 0.726562 0.985677
2 0.175781 0.901042 0.201823 0.901042 0.201823 0.875000 0.175781 0.875000
2 0.692708 0.049479 0.718750 0.049479 0.718750 0.023438 0.692708 0.023438
