0 0.000000 0.587240 0.985677 0.626302 0.981771 0.515625 0.000000 0.476562
1 0.854167 0.097656 0.906250 0.097656 0.906250 0.045573 0.854167 0.045573
1 0.036458 0.352865 0.088542 0.352865 0.088542 0.300781 0.036458 0.300781
1 0.554688 0.424479 0.606771 0.424479 0.606771 0.372396 0.554688 0.372396
1 0.884115 0.699219 0.936198 0.699219 0.936198 0.647135 0.884115 0.647135
1 0.670573 0.794271 0.722656 0.794271 0.722656 0.742188 0.670573 0.742188
1 0.359375 0.805990 0.411458 0.805990 0.411458 0.753906 0.359375 0.753906
1 0.218750 0.998698 0.270833 0.998698 0.270833 0.959635 0.218750 0.959635
2 0.828125 0.122396 0.854167 0.122396 0.854167 0.096354 0.828125 0.096354
2 0.505208 0.369792 0.531250 0.369792 0.531250 0.343750 0.505208 0.343750
2 0.449219 0.446615 0.475260 0.446615 0.475260 0.420573 0.449219 0.420573
2 0.589844 0.868490 0.615885 0.868490 0.615885 0.842448 0.589844 0.842448
