0 0.158854 0.992188 0.269531 0.993490 0.161458 0.000000 0.050781 0.000000
1 0.084635 0.803385 0.136719 0.803385 0.136719 0.751302 0.084635 0.751302
1 0.257813 0.968750 0.309896 0.968750 0.309896 0.916667 0.257813 0.916667
1 0.475260 0.550781 0.527344 0.550781 0.527344 0.498698 0.475260 0.498698
2 0.748698 0.391927 0.774740 0.391927 0.774740 0.365885 0.748698 0.365885
2 0.220052 0.109375 0.246094 0.109375 0.246094 0.083333 0.220052 0.083333
2 0.550781 0.256510 0.576823 0.256510 0.576823 0.230469 0.550781 0.230469
2 0.415365 0.951823 0.441406 0.951823 0.441406 0.925781 0.415365 0.925781
2 0.628906 0.483073 0.654948 0.483073 0.654948 0.457031 0.628906 0.457031
2 0.975260 0.552083 0.998698 0.552083 0.998698 0.526042 0.975260 0.526042
