0 0.730469 0.993490 0.841146 0.992188 0.949219 0.000000 0.838542 0.000000
1 0.863281 0.803385 0.915365 0.803385 0.915365 0.751302 0.863281 0.751302
1 0.690104 0.968750 0.742188 0.968750 0.742188 0.916667 0.690104 0.916667
1 0.472656 0.550781 0.524740 0.550781 0.524740 0.498698 0.472656 0.498698
2 0.225260 0.391927 0.251302 0.391927 0.251302 0.365885 0.225260 0.365885
2 0.753906 0.109375 0.779948 0.109375 0.779948 0.083333 0.753906 0.083333
2 0.423177 0.256510 0.449219 0.256510 0.449219 0.230469 0.423177 0.230469
2 0.558594 0.951823 0.584635 0.951823 0.584635 0.925781 0.558594 0.925781
2 0.345052 0.483073 0.371094 0.483073 0.371094 0.457031 0.345052 0.457031
2 0.001302 0.552083 0.024740 0.552083 0.024740 0.526042 0.001302 0.526042
