0 0.941406 1.000000 0.998698 1.000000 0.998698 1.000000 0.998698 0.471354
1 0.066406 0.167969 0.118490 0.167969 0.118490 0.115885 0.066406 0.115885
1 0.601562 0.069010 0.653646 0.069010 0.653646 0.016927 0.601562 0.016927
1 0.675781 0.834635 0.727865 0.834635 0.727865 0.782552 0.675781 0.782552
1 0.858073 0.097656 0.910156 0.097656 0.910156 0.045573 0.858073 0.045573
2 0.273438 0.425781 0.299479 0.425781 0.299479 0.399740 0.273438 0.399740
2 0.604167 0.278646 0.630208 0.278646 0.630208 0.252604 0.604167 0.252604
2 0.523438 0.532552 0.549479 0.532552 0.549479 0.506510 0.523438 0.506510
2 0.053385 0.769531 0.079427 0.769531 0.079427 0.743490 0.053385 0.743490
2 0.630208 0.253906 0.656250 0.253906 0.656250 0.227865 0.630208 0.227865
