0 0.001302 1.000000 0.001302 1.000000 0.072917 1.000000 0.001302 0.277344
1 0.942708 0.479167 0.994792 0.479167 0.994792 0.427083 0.942708 0.427083
1 0.873698 0.042969 0.925781 0.042969 0.925781 0.001302 0.873698 0.001302
1 0.395833 0.272135 0.447917 0.272135 0.447917 0.220052 0.395833 0.220052
1 0.300781 0.098958 0.352865 0.098958 0.352865 0.046875 0.300781 0.046875
2 0.873698 0.567708 0.899740 0.567708 0.899740 0.541667 0.873698 0.541667
2 0.230469 0.421875 0.256510 0.421875 0.256510 0.395833 0.230469 0.395833
2 0.636719 0.302083 0.662760 0.302083 0.662760 0.276042 0.636719 0.276042
2 0.455729 0.845052 0.481771 0.845052 0.481771 0.819010 0.455729 0.819010
2 0.488281 0.919271 0.514323 0.919271 0.514323 0.893229 0.488281 0.893229
