0 0.001302 0.539062 0.072917 0.000000 0.001302 0.000000 0.001302 0.000000
1 0.843750 0.704427 0.895833 0.704427 0.895833 0.652344 0.843750 0.652344
1 0.434896 0.998698 0.486979 0.998698 0.486979 0.967448 0.434896 0.967448
1 0.393229 0.933594 0.445312 0.933594 0.445312 0.881510 0.393229 0.881510
1 0.364583 0.772135 0.416667 0.772135 0.416667 0.720052 0.364583 0.720052
1 0.311198 0.373698 0.363281 0.373698 0.363281 0.321615 0.311198 0.321615
1 0.252604 0.417969 0.304688 0.417969 0.304688 0.365885 0.252604 0.365885
2 0.562500 0.247396 0.588542 0.247396 0.588542 0.221354 0.562500 0.221354
2 0.098958 0.371094 0.125000 0.371094 0.125000 0.345052 0.098958 0.345052
2 0.645833 0.598958 0.671875 0.598958 0.671875 0.572917 0.645833 0.572917
2 0.088542 0.052083 0.114583 0.052083 0.114583 0.026042 0.088542 0.026042
