0 0.105469 1.000000 0.216146 1.000000 0.304688 0.005208 0.194010 0.006510
1 0.152344 0.890625 0.204427 0.890625 0.204427 0.838542 0.152344 0.838542
1 0.248698 1.000000 0.300781 1.000000 0.300781 0.951823 0.248698 0.951823
1 0.326823 1.000000 0.378906 1.000000 0.378906 0.959635 0.326823 0.959635
1 0.571615 0.901042 0.623698 0.901042 0.623698 0.848958 0.571615 0.848958
1 0.657552 0.803385 0.709635 0.803385 0.709635 0.751302 0.657552 0.751302
1 0.727865 0.601562 0.779948 0.601563 0.779948 0.549479 0.727865 0.549479
1 0.848958 0.716146 0.901042 0.716146 0.901042 0.664063 0.848958 0.664063
2 0.239583 0.479167 0.265625 0.479167 0.265625 0.453125 0.239583 0.453125
2 0.416667 0.260417 0.442708 0.260417 0.442708 0.234375 0.416667 0.234375
2 0.455729 0.131510 0.481771 0.131510 0.481771 0.105469 0.455729 0.105469
2 0.937500 0.878906 0.963542 0.878906 0.963542 0.852865 0.937500 0.852865
2 0.364583 0.855469 0.390625 0.855469 0.390625 0.829427 0.364583 0.829427
2 0.214844 0.190104 0.240885 0.190104 0.240885 0.164062 0.214844 0.164062
2 0.631510 0.199219 0.657552 0.199219 0.657552 0.173177 0.631510 0.173177
2 0.045573 0.618490 0.071615 0.618490 0.071615 0.592448 0.045573 0.592448
