0 0.671875 0.997396 0.782552 0.996094 0.878906 0.000000 0.768229 0.000000
1 0.723958 0.654948 0.776042 0.654948 0.776042 0.602865 0.723958 0.602865
1 0.351562 0.723958 0.403646 0.723958 0.403646 0.671875 0.351562 0.671875
1 0.235677 0.841146 0.287760 0.841146 0.287760 0.789062 0.235677 0.789062
1 0.109375 0.515625 0.161458 0.515625 0.161458 0.463542 0.109375 0.463542
2 0.437500 0.626302 0.463542 0.626302 0.463542 0.600260 0.437500 0.600260
2 0.436198 0.652344 0.462240 0.652344 0.462240 0.626302 0.436198 0.626302
2 0.947917 0.203125 0.973958 0.203125 0.973958 0.177083 0.947917 0.177083
2 0.790365 0.214844 0.816406 0.214844 0.816406 0.188802 0.790365 0.188802
2 0.178385 0.886719 0.204427 0.886719 0.204427 0.860677 0.178385 0.860677
2 0.126302 0.595052 0.152344 0.595052 0.152344 0.569010 0.126302 0.569010
