0 0.001302 0.720052 0.014323 1.000000 0.123698 1.000000 0.082031 0.011719
1 0.966146 0.402344 1.000000 0.402344 1.000000 0.350260 0.966146 0.350260
1 0.864583 0.537760 0.916667 0.537760 0.916667 0.485677 0.864583 0.485677
1 0.822917 0.095052 0.875000 0.095052 0.875000 0.042969 0.822917 0.042969
1 0.802083 0.877604 0.854167 0.877604 0.854167 0.825521 0.802083 0.825521
1 0.523438 0.472656 0.575521 0.472656 0.575521 0.420573 0.523438 0.420573
1 0.506510 0.628906 0.558594 0.628906 0.558594 0.576823 0.506510 0.576823
1 0.442708 0.423177 0.494792 0.423177 0.494792 0.371094 0.442708 0.371094
1 0.095052 0.177083 0.147135 0.177083 0.147135 0.125000 0.095052 0.125000
2 0.394531 0.479167 0.420573 0.479167 0.420573 0.453125 0.394531 0.453125
2 0.569010 0.863281 0.595052 0.863281 0.595052 0.837240 0.569010 0.837240
2 0.305990 0.821615 0.332031 0.821615 0.332031 0.795573 0.305990 0.795573
