0 0.018229 0.996094 1.000000 0.979167 1.000000 0.868490 0.029948 0.885417
1 0.548177 0.263021 0.600260 0.263021 0.600260 0.210938 0.548177 0.210938
1 0.497396 0.264323 0.549479 0.264323 0.549479 0.212240 0.497396 0.212240
1 0.941406 0.440104 0.993490 0.440104 0.993490 0.388021 0.941406 0.388021
1 0.813802 0.545573 0.865885 0.545573 0.865885 0.493490 0.813802 0.493490
1 0.503906 0.707031 0.555990 0.707031 0.555990 0.654948 0.503906 0.654948
1 0.819010 0.858073 0.871094 0.858073 0.871094 0.805990 0.819010 0.805990
2 0.325521 0.971354 0.351563 0.971354 0.351563 0.945312 0.325521 0.945312
2 0.110677 0.636719 0.136719 0.636719 0.136719 0.610677 0.110677 0.610677
2 0.350260 0.787760 0.376302 0.787760 0.376302 0.761719 0.350260 0.761719
