0 0.885417 0.970052 0.996094 0.981771 0.979167 -0.000000 0.868490 -0.000000
1 0.210938 0.451823 0.263021 0.451823 0.263021 0.399740 0.210938 0.399740
1 0.212240 0.502604 0.264323 0.502604 0.264323 0.450521 0.212240 0.450521
1 0.388021 0.058594 0.440104 0.058594 0.440104 0.006510 0.388021 0.006510
1 0.493490 0.186198 0.545573 0.186198 0.545573 0.134115 0.493490 0.134115
1 0.654948 0.496094 0.707031 0.496094 0.707031 0.444010 0.654948 0.444010
1 0.805990 0.180990 0.858073 0.180990 0.858073 0.128906 0.805990 0.128906
2 0.945312 0.674479 0.971354 0.674479 0.971354 0.648437 0.945312 0.648437
2 0.610677 0.889323 0.636719 0.889323 0.636719 0.863281 0.610677 0.863281
2 0.761719 0.649740 0.787760 0.649740 0.787760 0.623698 0.761719 0.623698
