0 0.000000 0.167969 0.964844 0.201823 0.997396 0.092448 0.000000 0.057292
1 0.901042 0.201823 0.953125 0.201823 0.953125 0.149740 0.901042 0.149740
1 0.170573 0.229167 0.222656 0.229167 0.222656 0.177083 0.170573 0.177083
1 0.035156 0.432292 0.087240 0.432292 0.087240 0.380208 0.035156 0.380208
1 0.175781 0.803385 0.227865 0.803385 0.227865 0.751302 0.175781 0.751302
2 0.225260 0.932292 0.251302 0.932292 0.251302 0.906250 0.225260 0.906250
2 0.220052 0.308594 0.246094 0.308594 0.246094 0.282552 0.220052 0.282552
2 0.247396 0.998698 0.273438 0.998698 0.273438 0.985677 0.247396 0.985677
2 0.798177 0.901042 0.824219 0.901042 0.824219 0.875000 0.798177 0.875000
2 0.281250 0.049479 0.307292 0.049479 0.307292 0.023438 0.281250 0.023438
