0 0.122396 1.000000 0.233073 1.000000 0.268229 0.022135 0.157552 0.027344
1 0.029948 0.513021 0.082031 0.513021 0.082031 0.460937 0.029948 0.460937
1 0.183594 0.569010 0.235677 0.569010 0.235677 0.516927 0.183594 0.516927
1 0.343750 0.494792 0.395833 0.494792 0.395833 0.442708 0.343750 0.442708
1 0.401042 0.393229 0.453125 0.393229 0.453125 0.341146 0.401042 0.341146
1 0.625000 0.636719 0.677083 0.636719 0.677083 0.584635 0.625000 0.584635
1 0.875000 0.253906 0.927083 0.253906 0.927083 0.201823 0.875000 0.201823
1 0.919271 0.464844 0.971354 0.464844 0.971354 0.412760 0.919271 0.412760
1 0.957031 0.100260 0.998698 0.100260 0.998698 0.048177 0.957031 0.048177
2 0.356771 0.834635 0.382812 0.834635 0.382812 0.808594 0.356771 0.808594
