0 0.000000 0.110677 0.990885 0.084635 0.000000 0.001302 0.000000 0.001302
1 0.432292 0.945312 0.484375 0.945312 0.484375 0.893229 0.432292 0.893229
1 0.532552 0.838542 0.584635 0.838542 0.584635 0.786458 0.532552 0.786458
1 0.263021 0.428385 0.315104 0.428385 0.315104 0.376302 0.263021 0.376302
1 0.490885 0.188802 0.542969 0.188802 0.542969 0.136719 0.490885 0.136719
2 0.729167 0.311198 0.755208 0.311198 0.755208 0.285156 0.729167 0.285156
2 0.846354 0.829427 0.872396 0.829427 0.872396 0.803385 0.846354 0.803385
2 0.266927 0.559896 0.292969 0.559896 0.292969 0.533854 0.266927 0.533854
2 0.088542 0.718750 0.114583 0.718750 0.114583 0.692708 0.088542 0.692708
2 0.140625 0.744792 0.166667 0.744792 0.166667 0.718750 0.140625 0.718750
2 0.787760 0.597656 0.813802 0.597656 0.813802 0.571615 0.787760 0.571615
