0 0.000000 0.998698 0.000000 0.998698 0.692708 0.998698 0.000000 0.894531
1 0.710938 0.166667 0.763021 0.166667 0.763021 0.114583 0.710938 0.114583
1 0.481771 0.289062 0.533854 0.289062 0.533854 0.236979 0.481771 0.236979
1 0.096354 0.574219 0.148438 0.574219 0.148438 0.522135 0.096354 0.522135
1 0.432292 0.625000 0.484375 0.625000 0.484375 0.572917 0.432292 0.572917
1 0.364583 0.903646 0.416667 0.903646 0.416667 0.851562 0.364583 0.851562
1 0.390625 0.906250 0.442708 0.906250 0.442708 0.854167 0.390625 0.854167
1 0.928385 0.998698 0.980469 0.998698 0.980469 0.960938 0.928385 0.960938
2 0.364583 0.717448 0.390625 0.717448 0.390625 0.691406 0.364583 0.691406
2 0.367188 0.691406 0.393229 0.691406 0.393229 0.665365 0.367188 0.665365
2 0.173177 0.399740 0.199219 0.399740 0.199219 0.373698 0.173177 0.373698
2 0.272135 0.441406 0.298177 0.441406 0.298177 0.415365 0.272135 0.415365
2 0.979167 0.652344 0.998698 0.652344 0.998698 0.626302 0.979167 0.626302
2 0.071615 0.727865 0.097656 0.727865 0.097656 0.701823 0.071615 0.701823
2 0.917969 0.167969 0.944010 0.167969 0.944010 0.141927 0.917969 0.141927
