0 0.480469 0.989583 0.591146 0.986979 0.686198 0.000000 0.575521 0.000000
1 0.934896 0.097656 0.986979 0.097656 0.986979 0.045573 0.934896 0.045573
1 0.876302 0.145833 0.928385 0.145833 0.928385 0.093750 0.876302 0.093750
1 0.324219 0.458333 0.376302 0.458333 0.376302 0.406250 0.324219 0.406250
1 0.302083 0.143229 0.354167 0.143229 0.354167 0.091146 0.302083 0.091146
2 0.523438 0.266927 0.549479 0.266927 0.549479 0.240885 0.523438 0.240885
2 0.696615 0.649740 0.722656 0.649740 0.722656 0.623698 0.696615 0.623698
2 0.312500 0.299479 0.338542 0.299479 0.338542 0.273438 0.312500 0.273438
2 0.540365 0.921875 0.566406 0.921875 0.566406 0.895833 0.540365 0.895833
2 0.111979 0.201823 0.138021 0.201823 0.138021 0.175781 0.111979 0.175781
2 0.322917 0.457031 0.348958 0.457031 0.348958 0.430990 0.322917 0.430990
2 0.455729 0.444010 0.481771 0.444010 0.481771 0.417969 0.455729 0.417969
2 0.936198 0.881510 0.962240 0.881510 0.962240 0.855469 0.936198 0.855469
