0 0.928385 1.000000 1.000000 0.757812 0.880208 0.002604 0.769531 0.001302
1 0.626302 0.160156 0.678385 0.160156 0.678385 0.108073 0.626302 0.108073
1 0.059896 0.063802 0.111979 0.063802 0.111979 0.011719 0.059896 0.011719
1 0.078125 0.510417 0.130208 0.510417 0.130208 0.458333 0.078125 0.458333
2 0.812500 0.817708 0.838542 0.817708 0.838542 0.791667 0.812500 0.791667
2 0.003906 0.865885 0.029948 0.865885 0.029948 0.839844 0.003906 0.839844
2 0.752604 0.433594 0.778646 0.433594 0.778646 0.407552 0.752604 0.407552
2 0.492188 0.789062 0.518229 0.789062 0.518229 0.763021 0.492188 0.763021
2 0.696615 0.256510 0.722656 0.256510 0.722656 0.230469 0.696615 0.230469
2 0.458333 0.242188 0.484375 0.242188 0.484375 0.216146 0.458333 0.216146
2 0.057292 0.384115 0.083333 0.384115 0.083333 0.358073 0.057292 0.358073
