0 0.000000 0.197917 0.000000 0.308594 0.992188 0.143229 0.993490 0.032552
1 0.602865 0.822917 0.654948 0.822917 0.654948 0.770833 0.602865 0.770833
1 0.947917 0.686198 0.998698 0.686198 0.998698 0.634115 0.947917 0.634115
1 0.678385 0.649740 0.730469 0.649740 0.730469 0.597656 0.678385 0.597656
1 0.533854 0.252604 0.585938 0.252604 0.585938 0.200521 0.533854 0.200521
1 0.416667 0.035156 0.468750 0.035156 0.468750 0.001302 0.416667 0.001302
2 0.832031 0.601562 0.858073 0.601562 0.858073 0.575521 0.832031 0.575521
2 0.304688 0.766927 0.330729 0.766927 0.330729 0.740885 0.304688 0.740885
2 0.071615 0.330729 0.097656 0.330729 0.097656 0.304688 0.071615 0.304688
2 0.350260 0.893229 0.376302 0.893229 0.376302 0.867188 0.350260 0.867188
2 0.368490 0.201823 0.394531 0.201823 0.394531 0.175781 0.368490 0.175781
2 0.710938 0.041667 0.736979 0.041667 0.736979 0.015625 0.710938 0.015625
2 0.535156 0.730469 0.561198 0.730469 0.561198 0.704427 0.535156 0.704427
