0 0.000000 0.135417 0.983073 0.175781 0.977865 0.065104 0.000000 0.024740
1 0.722656 0.170573 0.774740 0.170573 0.774740 0.118490 0.722656 0.118490
1 0.398438 0.445312 0.450521 0.445312 0.450521 0.393229 0.398438 0.393229
1 0.761719 0.485677 0.813802 0.485677 0.813802 0.433594 0.761719 0.433594
1 0.759115 0.510417 0.811198 0.510417 0.811198 0.458333 0.759115 0.458333
1 0.889323 0.541667 0.941406 0.541667 0.941406 0.489583 0.889323 0.489583
1 0.886719 0.593750 0.938802 0.593750 0.938802 0.541667 0.886719 0.541667
1 0.209635 0.592448 0.261719 0.592448 0.261719 0.540365 0.209635 0.540365
1 0.665365 0.925781 0.717448 0.925781 0.717448 0.873698 0.665365 0.873698
2 0.773438 0.171875 0.799479 0.171875 0.799479 0.145833 0.773438 0.145833
