0 0.000000 0.998698 0.000000 0.998698 0.608073 0.998698 0.000000 0.908854
1 0.835938 0.920573 0.888021 0.920573 0.888021 0.868490 0.835938 0.868490
1 0.191406 0.998698 0.243490 0.998698 0.243490 0.957031 0.191406 0.957031
2 0.179688 0.533854 0.205729 0.533854 0.205729 0.507812 0.179688 0.507812
2 0.144531 0.238281 0.170573 0.238281 0.170573 0.212240 0.144531 0.212240
2 0.779948 0.384115 0.805990 0.384115 0.805990 0.358073 0.779948 0.358073
2 0.828125 0.786458 0.854167 0.786458 0.854167 0.760417 0.828125 0.760417
2 0.209635 0.511719 0.235677 0.511719 0.235677 0.485677 0.209635 0.485677
2 0.579427 0.144531 0.605469 0.144531 0.605469 0.118490 0.579427 0.118490
2 0.927083 0.998698 0.953125 0.998698 0.953125 0.983073 0.927083 0.983073
