0 1.000000 0.091146 1.000000 0.001302 1.000000 0.001302 0.391927 0.001302
1 0.111979 0.131510 0.164063 0.131510 0.164063 0.079427 0.111979 0.079427
1 0.756510 0.042969 0.808594 0.042969 0.808594 0.001302 0.756510 0.001302
2 0.794271 0.492188 0.820312 0.492188 0.820312 0.466146 0.794271 0.466146
2 0.829427 0.787760 0.855469 0.787760 0.855469 0.761719 0.829427 0.761719
2 0.194010 0.641927 0.220052 0.641927 0.220052 0.615885 0.194010 0.615885
2 0.145833 0.239583 0.171875 0.239583 0.171875 0.213542 0.145833 0.213542
2 0.764323 0.514323 0.790365 0.514323 0.790365 0.488281 0.764323 0.488281
2 0.394531 0.881510 0.420573 0.881510 0.420573 0.855469 0.394531 0.855469
2 0.046875 0.016927 0.072917 0.016927 0.072917 0.001302 0.046875 0.001302
