0 0.000000 0.769531 0.000000 0.880208 0.997396 0.704427 0.998698 0.593750
1 0.941406 0.630208 0.993490 0.630208 0.993490 0.578125 0.941406 0.578125
1 0.028646 0.709635 0.080729 0.709635 0.080729 0.657552 0.028646 0.657552
1 0.550781 0.513021 0.602865 0.513021 0.602865 0.460938 0.550781 0.460938
1 0.703125 0.037760 0.755208 0.037760 0.755208 0.001302 0.703125 0.001302
2 0.679688 0.042969 0.705729 0.042969 0.705729 0.016927 0.679688 0.016927
2 0.463542 0.901042 0.489583 0.901042 0.489583 0.875000 0.463542 0.875000
2 0.230469 0.333333 0.256510 0.333333 0.256510 0.307292 0.230469 0.307292
2 0.416667 0.486979 0.442708 0.486979 0.442708 0.460938 0.416667 0.460938
2 0.539062 0.596354 0.565104 0.596354 0.565104 0.570312 0.539062 0.570312
2 0.536458 0.119792 0.562500 0.119792 0.562500 0.093750 0.536458 0.093750
