0 0.144531 1.000000 0.255208 1.000000 0.421875 0.005208 0.311198 0.006510
1 0.283854 1.000000 0.335938 1.000000 0.335938 0.971354 0.283854 0.971354
1 0.589844 0.941406 0.641927 0.941406 0.641927 0.889323 0.589844 0.889323
1 0.657552 0.531250 0.709635 0.531250 0.709635 0.479167 0.657552 0.479167
1 0.686198 0.667969 0.738281 0.667969 0.738281 0.615885 0.686198 0.615885
1 0.765625 0.364583 0.817708 0.364583 0.817708 0.312500 0.765625 0.312500
1 0.760417 0.708333 0.812500 0.708333 0.812500 0.656250 0.760417 0.656250
1 0.824219 0.954427 0.876302 0.954427 0.876302 0.902344 0.824219 0.902344
2 0.947917 0.526042 0.973958 0.526042 0.973958 0.500000 0.947917 0.500000
2 0.647135 0.263021 0.673177 0.263021 0.673177 0.236979 0.647135 0.236979
2 0.493490 0.395833 0.519531 0.395833 0.519531 0.369792 0.493490 0.369792
