0 0.000000 0.998698 0.000000 0.998698 0.722656 0.998698 0.000000 0.927083
1 0.520833 0.057292 0.572917 0.057292 0.572917 0.005208 0.520833 0.005208
1 0.957031 0.126302 0.998698 0.126302 0.998698 0.074219 0.957031 0.074219
1 0.727865 0.604167 0.779948 0.604167 0.779948 0.552083 0.727865 0.552083
1 0.901042 0.699219 0.953125 0.699219 0.953125 0.647135 0.901042 0.647135
2 0.432292 0.126302 0.458333 0.126302 0.458333 0.100260 0.432292 0.100260
2 0.578125 0.769531 0.604167 0.769531 0.604167 0.743490 0.578125 0.743490
2 0.697917 0.363281 0.723958 0.363281 0.723958 0.337240 0.697917 0.337240
2 0.154948 0.544271 0.180990 0.544271 0.180990 0.518229 0.154948 0.518229
2 0.080729 0.511719 0.106771 0.511719 0.106771 0.485677 0.080729 0.485677
