0 0.002604 0.470052 0.001302 0.580729 1.000000 0.410156 1.000000 0.299479
1 0.716146 0.088542 0.768229 0.088542 0.768229 0.036458 0.716146 0.036458
1 0.001302 0.240885 0.029948 0.240885 0.029948 0.188802 0.001302 0.188802
1 0.636719 0.393229 0.688802 0.393229 0.688802 0.341146 0.636719 0.341146
1 0.003906 0.553385 0.055990 0.553385 0.055990 0.501302 0.003906 0.501302
1 0.187500 0.705729 0.239583 0.705729 0.239583 0.653646 0.187500 0.653646
1 0.617188 0.740885 0.669271 0.740885 0.669271 0.688802 0.617188 0.688802
2 0.628906 0.949219 0.654948 0.949219 0.654948 0.923177 0.628906 0.923177
2 0.161458 0.078125 0.187500 0.078125 0.187500 0.052083 0.161458 0.052083
2 0.226563 0.912760 0.252604 0.912760 0.252604 0.886719 0.226563 0.886719
2 0.930990 0.395833 0.957031 0.395833 0.957031 0.369792 0.930990 0.369792
2 0.532552 0.701823 0.558594 0.701823 0.558594 0.675781 0.532552 0.675781
