0 0.296875 1.000000 0.407552 1.000000 0.553385 0.002604 0.442708 0.003906
1 0.289063 0.158854 0.341146 0.158854 0.341146 0.106771 0.289063 0.106771
1 0.515625 0.770833 0.567708 0.770833 0.567708 0.718750 0.515625 0.718750
1 0.611979 0.653646 0.664062 0.653646 0.664062 0.601562 0.611979 0.601562
1 0.731771 0.907552 0.783854 0.907552 0.783854 0.855469 0.731771 0.855469
1 0.783854 0.915365 0.835938 0.915365 0.835938 0.863281 0.783854 0.863281
1 0.868490 0.348958 0.920573 0.348958 0.920573 0.296875 0.868490 0.296875
1 0.924479 0.670573 0.976562 0.670573 0.976562 0.618490 0.924479 0.618490
2 0.683594 0.871094 0.709635 0.871094 0.709635 0.845052 0.683594 0.845052
2 0.102865 0.890625 0.128906 0.890625 0.128906 0.864583 0.102865 0.864583
2 0.753906 0.934896 0.779948 0.934896 0.779948 0.908854 0.753906 0.908854
