0 0.001302 0.694010 0.053385 1.000000 0.164062 1.000000 0.001302 0.042969
1 0.878906 0.722656 0.930990 0.722656 0.930990 0.670573 0.878906 0.670573
1 0.316406 1.000000 0.368490 1.000000 0.368490 0.950521 0.316406 0.950521
1 0.080729 0.699219 0.132812 0.699219 0.132812 0.647135 0.080729 0.647135
1 0.041667 0.627604 0.093750 0.627604 0.093750 0.575521 0.041667 0.575521
1 0.001302 0.343750 0.046875 0.343750 0.046875 0.291667 0.001302 0.291667
2 0.743490 0.376302 0.769531 0.376302 0.769531 0.350260 0.743490 0.350260
2 0.514323 0.601562 0.540365 0.601562 0.540365 0.575521 0.514323 0.575521
2 0.489583 0.921875 0.515625 0.921875 0.515625 0.895833 0.489583 0.895833
2 0.665365 0.074219 0.691406 0.074219 0.691406 0.048177 0.665365 0.048177
2 0.769531 0.848958 0.795573 0.848958 0.795573 0.822917 0.769531 0.822917
2 0.951823 0.843750 0.977865 0.843750 0.977865 0.817708 0.951823 0.817708
2 0.824219 0.865885 0.850260 0.865885 0.850260 0.839844 0.824219 0.839844
