0 0.908854 1.000000 0.998698 1.000000 0.998698 1.000000 0.998698 0.391927
1 0.868490 0.164062 0.920573 0.164062 0.920573 0.111979 0.868490 0.111979
1 0.957031 0.808594 0.998698 0.808594 0.998698 0.756510 0.957031 0.756510
2 0.507812 0.820312 0.533854 0.820312 0.533854 0.794271 0.507812 0.794271
2 0.212240 0.855469 0.238281 0.855469 0.238281 0.829427 0.212240 0.829427
2 0.358073 0.220052 0.384115 0.220052 0.384115 0.194010 0.358073 0.194010
2 0.760417 0.171875 0.786458 0.171875 0.786458 0.145833 0.760417 0.145833
2 0.485677 0.790365 0.511719 0.790365 0.511719 0.764323 0.485677 0.764323
2 0.118490 0.420573 0.144531 0.420573 0.144531 0.394531 0.118490 0.394531
2 0.983073 0.072917 0.998698 0.072917 0.998698 0.046875 0.983073 0.046875
