0 0.001302 0.712240 0.063802 0.994792 0.233073 0.000000 0.122396 0.000000
1 0.886719 0.278646 0.938802 0.278646 0.938802 0.226562 0.886719 0.226562
1 0.539062 0.615885 0.591146 0.615885 0.591146 0.563802 0.539062 0.563802
1 0.282552 0.572917 0.334635 0.572917 0.334635 0.520833 0.282552 0.520833
1 0.127604 0.386719 0.179688 0.386719 0.179688 0.334635 0.127604 0.334635
2 0.791667 0.049479 0.817708 0.049479 0.817708 0.023438 0.791667 0.023438
2 0.858073 0.429688 0.884115 0.429688 0.884115 0.403646 0.858073 0.403646
2 0.884115 0.434896 0.910156 0.434896 0.910156 0.408854 0.884115 0.408854
2 0.919271 0.227865 0.945312 0.227865 0.945312 0.201823 0.919271 0.201823
2 0.079427 0.509115 0.105469 0.509115 0.105469 0.483073 0.079427 0.483073
2 0.311198 0.231771 0.337240 0.231771 0.337240 0.205729 0.311198 0.205729
