0 0.082031 0.988281 0.123698 0.000000 0.014323 0.000000 0.001302 0.279948
1 0.966146 0.649740 1.000000 0.649740 1.000000 0.597656 0.966146 0.597656
1 0.864583 0.514323 0.916667 0.514323 0.916667 0.462240 0.864583 0.462240
1 0.822917 0.957031 0.875000 0.957031 0.875000 0.904948 0.822917 0.904948
1 0.802083 0.174479 0.854167 0.174479 0.854167 0.122396 0.802083 0.122396
1 0.523438 0.579427 0.575521 0.579427 0.575521 0.527344 0.523438 0.527344
1 0.506510 0.423177 0.558594 0.423177 0.558594 0.371094 0.506510 0.371094
1 0.442708 0.628906 0.494792 0.628906 0.494792 0.576823 0.442708 0.576823
1 0.095052 0.875000 0.147135 0.875000 0.147135 0.822917 0.095052 0.822917
2 0.394531 0.546875 0.420573 0.546875 0.420573 0.520833 0.394531 0.520833
2 0.569010 0.162760 0.595052 0.162760 0.595052 0.136719 0.569010 0.136719
2 0.305990 0.204427 0.332031 0.204427 0.332031 0.178385 0.305990 0.178385
