0 0.541667 0.996094 0.652344 0.996094 0.481771 0.000000 0.371094 0.000000
1 0.040365 0.785156 0.092448 0.785156 0.092448 0.733073 0.040365 0.733073
1 0.101562 0.509115 0.153646 0.509115 0.153646 0.457031 0.101562 0.457031
1 0.315104 0.998698 0.367188 0.998698 0.367188 0.949219 0.315104 0.949219
1 0.201823 0.174479 0.253906 0.174479 0.253906 0.122396 0.201823 0.122396
1 0.345052 0.998698 0.397135 0.998698 0.397135 0.970052 0.345052 0.970052
1 0.671875 0.914062 0.723958 0.914062 0.723958 0.861979 0.671875 0.861979
1 0.648438 0.627604 0.700521 0.627604 0.700521 0.575521 0.648438 0.575521
2 0.401042 0.089844 0.427083 0.089844 0.427083 0.063802 0.401042 0.063802
2 0.321615 0.554688 0.347656 0.554688 0.347656 0.528646 0.321615 0.528646
2 0.832031 0.915365 0.858073 0.915365 0.858073 0.889323 0.832031 0.889323
2 0.875000 0.855469 0.901042 0.855469 0.901042 0.829427 0.875000 0.829427
2 0.533854 0.096354 0.559896 0.096354 0.559896 0.070312 0.533854 0.070312
2 0.457031 0.106771 0.483073 0.106771 0.483073 0.080729 0.457031 0.080729
