0 0.661458 0.990885 0.770833 0.998698 0.906250 0.000000 0.795573 0.000000
1 0.936198 0.218750 0.988281 0.218750 0.988281 0.166667 0.936198 0.166667
1 0.867188 0.735677 0.919271 0.735677 0.919271 0.683594 0.867188 0.683594
1 0.739583 0.114583 0.791667 0.114583 0.791667 0.062500 0.739583 0.062500
2 0.572917 0.380208 0.598958 0.380208 0.598958 0.354167 0.572917 0.354167
2 0.046875 0.571615 0.072917 0.571615 0.072917 0.545573 0.046875 0.545573
2 0.361979 0.772135 0.388021 0.772135 0.388021 0.746094 0.361979 0.746094
2 0.019531 0.382812 0.045573 0.382812 0.045573 0.356771 0.019531 0.356771
2 0.009115 0.644531 0.035156 0.644531 0.035156 0.618490 0.009115 0.618490
2 0.347656 0.875000 0.373698 0.875000 0.373698 0.848958 0.347656 0.848958
