0 0.016927 0.873698 1.000000 0.945312 1.000000 0.834635 0.014323 0.763021
1 0.795573 0.420573 0.847656 0.420573 0.847656 0.368490 0.795573 0.368490
1 0.300781 0.384115 0.352865 0.384115 0.352865 0.332031 0.300781 0.332031
2 0.889323 0.188802 0.915365 0.188802 0.915365 0.162760 0.889323 0.162760
2 0.975260 0.458333 1.000000 0.458333 1.000000 0.432292 0.975260 0.432292
2 0.373698 0.125000 0.399740 0.125000 0.399740 0.098958 0.373698 0.098958
2 0.968750 0.533854 0.994792 0.533854 0.994792 0.507813 0.968750 0.507813
2 0.898438 0.451823 0.924479 0.451823 0.924479 0.425781 0.898438 0.425781
2 0.791667 0.470052 0.817708 0.470052 0.817708 0.444010 0.791667 0.444010
2 0.320312 0.855469 0.346354 0.855469 0.346354 0.829427 0.320312 0.829427
