0 0.108073 0.925781 0.218750 0.941406 0.207031 0.000000 0.096354 0.000000
1 0.393229 0.342448 0.445312 0.342448 0.445312 0.290365 0.393229 0.290365
1 0.397135 0.735677 0.449219 0.735677 0.449219 0.683594 0.397135 0.683594
1 0.657552 0.601562 0.709635 0.601562 0.709635 0.549479 0.657552 0.549479
1 0.729167 0.105469 0.781250 0.105469 0.781250 0.053385 0.729167 0.053385
1 0.789062 0.833333 0.841146 0.833333 0.841146 0.781250 0.789062 0.781250
1 0.805990 0.104167 0.858073 0.104167 0.858073 0.052083 0.805990 0.052083
1 0.807292 0.235677 0.859375 0.235677 0.859375 0.183594 0.807292 0.183594
1 0.971354 0.807292 0.998698 0.807292 0.998698 0.755208 0.971354 0.755208
2 0.709635 0.782552 0.735677 0.782552 0.735677 0.756510 0.709635 0.756510
2 0.154948 0.111979 0.180990 0.111979 0.180990 0.085938 0.154948 0.085938
2 0.399740 0.917969 0.425781 0.917969 0.425781 0.891927 0.399740 0.891927
2 0.419271 0.342448 0.445312 0.342448 0.445312 0.316406 0.419271 0.316406
2 0.441406 0.084635 0.467448 0.084635 0.467448 0.058594 0.441406 0.058594
2 0.372396 0.787760 0.398438 0.787760 0.398438 0.761719 0.372396 0.761719
