0 0.015625 0.411458 1.000000 0.477865 1.000000 0.367188 0.013021 0.300781
1 0.610677 0.821615 0.662760 0.821615 0.662760 0.769531 0.610677 0.769531
1 0.847656 0.812500 0.899740 0.812500 0.899740 0.760417 0.847656 0.760417
1 0.519531 0.635417 0.571615 0.635417 0.571615 0.583333 0.519531 0.583333
1 0.188802 0.533854 0.240885 0.533854 0.240885 0.481771 0.188802 0.481771
1 0.062500 0.420573 0.114583 0.420573 0.114583 0.368490 0.062500 0.368490
1 0.024740 0.235677 0.076823 0.235677 0.076823 0.183594 0.024740 0.183594
2 0.792969 0.442708 0.819010 0.442708 0.819010 0.416667 0.792969 0.416667
2 0.648438 0.251302 0.674479 0.251302 0.674479 0.225260 0.648438 0.225260
2 0.223958 0.351562 0.250000 0.351562 0.250000 0.325521 0.223958 0.325521
