0 0.000000 0.729167 0.000000 0.838542 0.996094 0.677083 0.997396 0.566406
1 0.723958 0.936198 0.776042 0.936198 0.776042 0.884115 0.723958 0.884115
1 0.899740 0.878906 0.951823 0.878906 0.951823 0.826823 0.899740 0.826823
1 0.506510 0.890625 0.558594 0.890625 0.558594 0.838542 0.506510 0.838542
1 0.815104 0.682292 0.867188 0.682292 0.867188 0.630208 0.815104 0.630208
1 0.917969 0.506510 0.970052 0.506510 0.970052 0.454427 0.917969 0.454427
1 0.315104 0.365885 0.367188 0.365885 0.367188 0.313802 0.315104 0.313802
1 0.442708 0.346354 0.494792 0.346354 0.494792 0.294271 0.442708 0.294271
1 0.315104 0.208333 0.367188 0.208333 0.367188 0.156250 0.315104 0.156250
2 0.565104 0.752604 0.591146 0.752604 0.591146 0.726562 0.565104 0.726562
2 0.687500 0.864583 0.713542 0.864583 0.713542 0.838542 0.687500 0.838542
2 0.153646 0.819010 0.179688 0.819010 0.179688 0.792969 0.153646 0.792969
