0 0.475260 0.986979 0.585938 0.989583 0.489583 0.000000 0.380208 0.000000
1 0.223958 0.105469 0.276042 0.105469 0.276042 0.053385 0.223958 0.053385
1 0.335938 0.721354 0.388021 0.721354 0.388021 0.669271 0.335938 0.669271
1 0.372396 0.300781 0.424479 0.300781 0.424479 0.248698 0.372396 0.248698
1 0.524740 0.257812 0.576823 0.257812 0.576823 0.205729 0.524740 0.205729
1 0.682292 0.794271 0.734375 0.794271 0.734375 0.742188 0.682292 0.742188
1 0.692708 0.346354 0.744792 0.346354 0.744792 0.294271 0.692708 0.294271
1 0.747396 0.108073 0.799479 0.108073 0.799479 0.055990 0.747396 0.055990
1 0.813802 0.256510 0.865885 0.256510 0.865885 0.204427 0.813802 0.204427
2 0.203125 0.708333 0.229167 0.708333 0.229167 0.682292 0.203125 0.682292
2 0.106771 0.770833 0.132812 0.770833 0.132812 0.744792 0.106771 0.744792
2 0.066406 0.644531 0.092448 0.644531 0.092448 0.618490 0.066406 0.618490
2 0.773438 0.628906 0.799479 0.628906 0.799479 0.602865 0.773438 0.602865
2 0.647135 0.143229 0.673177 0.143229 0.673177 0.117188 0.647135 0.117188
