0 1.000000 0.838542 1.000000 0.729167 0.002604 0.566406 0.003906 0.677083
1 0.223958 0.936198 0.276042 0.936198 0.276042 0.884115 0.223958 0.884115
1 0.048177 0.878906 0.100260 0.878906 0.100260 0.826823 0.048177 0.826823
1 0.441406 0.890625 0.493490 0.890625 0.493490 0.838542 0.441406 0.838542
1 0.132812 0.682292 0.184896 0.682292 0.184896 0.630208 0.132812 0.630208
1 0.029948 0.506510 0.082031 0.506510 0.082031 0.454427 0.029948 0.454427
1 0.632812 0.365885 0.684896 0.365885 0.684896 0.313802 0.632812 0.313802
1 0.505208 0.346354 0.557292 0.346354 0.557292 0.294271 0.505208 0.294271
1 0.632812 0.208333 0.684896 0.208333 0.684896 0.156250 0.632812 0.156250
2 0.408854 0.752604 0.434896 0.752604 0.434896 0.726562 0.408854 0.726562
2 0.286458 0.864583 0.312500 0.864583 0.312500 0.838542 0.286458 0.838542
2 0.820312 0.819010 0.846354 0.819010 0.846354 0.792969 0.820312 0.792969
