0 0.000000 0.608073 0.986979 0.701823 0.998698 0.592448 0.000000 0.497396
1 0.307292 0.065104 0.359375 0.065104 0.359375 0.013021 0.307292 0.013021
1 0.876302 0.144531 0.928385 0.144531 0.928385 0.092448 0.876302 0.092448
1 0.622396 0.329427 0.674479 0.329427 0.674479 0.277344 0.622396 0.277344
1 0.179688 0.313802 0.231771 0.313802 0.231771 0.261719 0.179688 0.261719
1 0.401042 0.727865 0.453125 0.727865 0.453125 0.675781 0.401042 0.675781
1 0.658854 0.777344 0.710938 0.777344 0.710938 0.725260 0.658854 0.725260
2 0.664062 0.151042 0.690104 0.151042 0.690104 0.125000 0.664062 0.125000
2 0.179688 0.286458 0.205729 0.286458 0.205729 0.260417 0.179688 0.260417
2 0.936198 0.854167 0.962240 0.854167 0.962240 0.828125 0.936198 0.828125
2 0.488281 0.342448 0.514323 0.342448 0.514323 0.316406 0.488281 0.316406
2 0.144531 0.388021 0.170573 0.388021 0.170573 0.361979 0.144531 0.361979
