0 0.018229 0.436198 1.000000 0.507813 1.000000 0.397135 0.015625 0.325521
1 0.157552 0.947917 0.209635 0.947917 0.209635 0.895833 0.157552 0.895833
1 0.360677 0.649740 0.412760 0.649740 0.412760 0.597656 0.360677 0.597656
1 0.101562 0.630208 0.153646 0.630208 0.153646 0.578125 0.101562 0.578125
1 0.626302 0.588542 0.678385 0.588542 0.678385 0.536458 0.626302 0.536458
1 0.429688 0.419271 0.481771 0.419271 0.481771 0.367188 0.429688 0.367188
2 0.040365 0.023437 0.066406 0.023437 0.066406 0.001302 0.040365 0.001302
2 0.299479 0.774740 0.325521 0.774740 0.325521 0.748698 0.299479 0.748698
2 0.875000 0.398438 0.901042 0.398438 0.901042 0.372396 0.875000 0.372396
2 0.584635 0.794271 0.610677 0.794271 0.610677 0.768229 0.584635 0.768229
2 0.781250 0.235677 0.807292 0.235677 0.807292 0.209635 0.781250 0.209635
2 0.722656 0.700521 0.748698 0.700521 0.748698 0.674479 0.722656 0.674479
2 0.941406 0.558594 0.967448 0.558594 0.967448 0.532552 0.941406 0.532552
2 0.958333 0.326823 0.984375 0.326823 0.984375 0.300781 0.958333 0.300781
