0 0.451823 1.000000 0.562500 1.000000 0.421875 0.003906 0.311198 0.002604
1 0.798177 0.587240 0.850260 0.587240 0.850260 0.535156 0.798177 0.535156
1 0.643229 0.791667 0.695312 0.791667 0.695312 0.739583 0.643229 0.739583
1 0.518229 0.651042 0.570312 0.651042 0.570312 0.598958 0.518229 0.598958
2 0.257812 0.664062 0.283854 0.664062 0.283854 0.638021 0.257812 0.638021
2 0.680990 0.289062 0.707031 0.289062 0.707031 0.263021 0.680990 0.263021
2 0.464844 0.820312 0.490885 0.820312 0.490885 0.794271 0.464844 0.794271
2 0.248698 0.587240 0.274740 0.587240 0.274740 0.561198 0.248698 0.561198
2 0.761719 0.303385 0.787760 0.303385 0.787760 0.277344 0.761719 0.277344
2 0.436198 0.429688 0.462240 0.429688 0.462240 0.403646 0.436198 0.403646
2 0.177083 0.833333 0.203125 0.833333 0.203125 0.807292 0.177083 0.807292
2 0.278646 0.240885 0.304688 0.240885 0.304688 0.214844 0.278646 0.214844
