0 0.910156 1.000000 0.998698 1.000000 0.998698 1.000000 0.914062 0.061198
1 0.006510 0.029948 0.058594 0.029948 0.058594 0.001302 0.006510 0.001302
1 0.187500 0.265625 0.239583 0.265625 0.239583 0.213542 0.187500 0.213542
1 0.526042 0.580729 0.578125 0.580729 0.578125 0.528646 0.526042 0.528646
1 0.705729 0.787760 0.757812 0.787760 0.757812 0.735677 0.705729 0.735677
1 0.915365 0.763021 0.967448 0.763021 0.967448 0.710938 0.915365 0.710938
1 0.967448 0.319010 0.998698 0.319010 0.998698 0.266927 0.967448 0.266927
2 0.342448 0.838542 0.368490 0.838542 0.368490 0.812500 0.342448 0.812500
2 0.680990 0.266927 0.707031 0.266927 0.707031 0.240885 0.680990 0.240885
2 0.186198 0.423177 0.212240 0.423177 0.212240 0.397135 0.186198 0.397135
2 0.524740 0.890625 0.550781 0.890625 0.550781 0.864583 0.524740 0.864583
2 0.212240 0.968750 0.238281 0.968750 0.238281 0.942708 0.212240 0.942708
