0 0.141927 0.992188 0.252604 0.993490 0.092448 0.000000 0.000000 0.110677
1 0.055990 0.222656 0.108073 0.222656 0.108073 0.170573 0.055990 0.170573
1 0.196615 0.779948 0.248698 0.779948 0.248698 0.727865 0.196615 0.727865
1 0.188802 0.226563 0.240885 0.226563 0.240885 0.174479 0.188802 0.174479
1 0.305990 0.630208 0.358073 0.630208 0.358073 0.578125 0.305990 0.578125
1 0.484375 0.102865 0.536458 0.102865 0.536458 0.050781 0.484375 0.050781
1 0.600260 0.820312 0.652344 0.820312 0.652344 0.768229 0.600260 0.768229
1 0.666667 0.415365 0.718750 0.415365 0.718750 0.363281 0.666667 0.363281
1 0.884115 0.459635 0.936198 0.459635 0.936198 0.407552 0.884115 0.407552
2 0.936198 0.768229 0.962240 0.768229 0.962240 0.742188 0.936198 0.742188
2 0.597656 0.639323 0.623698 0.639323 0.623698 0.613281 0.597656 0.613281
2 0.898438 0.854167 0.924479 0.854167 0.924479 0.828125 0.898438 0.828125
2 0.683594 0.837240 0.709635 0.837240 0.709635 0.811198 0.683594 0.811198
2 0.703125 0.305990 0.729167 0.305990 0.729167 0.279948 0.703125 0.279948
