0 0.815104 0.960938 0.924479 0.996094 0.957031 0.000000 0.846354 0.000000
1 0.796875 0.170573 0.848958 0.170573 0.848958 0.118490 0.796875 0.118490
1 0.653646 0.636719 0.705729 0.636719 0.705729 0.584635 0.653646 0.584635
1 0.598958 0.660156 0.651042 0.660156 0.651042 0.608073 0.598958 0.608073
1 0.377604 0.339844 0.429688 0.339844 0.429688 0.287760 0.377604 0.287760
1 0.304688 0.963542 0.356771 0.963542 0.356771 0.911458 0.304688 0.911458
1 0.132812 0.619792 0.184896 0.619792 0.184896 0.567708 0.132812 0.567708
1 0.087240 0.382812 0.139323 0.382812 0.139323 0.330729 0.087240 0.330729
1 0.080729 0.670573 0.132812 0.670573 0.132812 0.618490 0.080729 0.618490
2 0.483073 0.212240 0.509115 0.212240 0.509115 0.186198 0.483073 0.186198
2 0.373698 0.417969 0.399740 0.417969 0.399740 0.391927 0.373698 0.391927
2 0.575521 0.579427 0.601562 0.579427 0.601562 0.553385 0.575521 0.553385
2 0.722656 0.871094 0.748698 0.871094 0.748698 0.845052 0.722656 0.845052
2 0.027344 0.614583 0.053385 0.614583 0.053385 0.588542 0.027344 0.588542
