0 0.000000 0.773438 0.986979 0.852865 0.984375 0.742188 0.000000 0.662760
1 0.945312 0.485677 0.997396 0.485677 0.997396 0.433594 0.945312 0.433594
1 0.578125 0.507812 0.630208 0.507812 0.630208 0.455729 0.578125 0.455729
1 0.235677 0.558594 0.287760 0.558594 0.287760 0.506510 0.235677 0.506510
1 0.305990 0.641927 0.358073 0.641927 0.358073 0.589844 0.305990 0.589844
1 0.059896 0.804688 0.111979 0.804688 0.111979 0.752604 0.059896 0.752604
1 0.723958 0.989583 0.776042 0.989583 0.776042 0.937500 0.723958 0.937500
2 0.408854 0.337240 0.434896 0.337240 0.434896 0.311198 0.408854 0.311198
2 0.277344 0.351562 0.303385 0.351562 0.303385 0.325521 0.277344 0.325521
2 0.738281 0.467448 0.764323 0.467448 0.764323 0.441406 0.738281 0.441406
2 0.451823 0.785156 0.477865 0.785156 0.477865 0.759115 0.451823 0.759115
2 0.278646 0.998698 0.304688 0.998698 0.304688 0.979167 0.278646 0.979167
2 0.813802 0.500000 0.839844 0.500000 0.839844 0.473958 0.813802 0.473958
2 0.015625 0.697917 0.041667 0.697917 0.041667 0.671875 0.015625 0.671875
