0 0.923177 0.966146 0.998698 0.024740 0.997396 0.000000 0.886719 0.000000
1 0.125000 0.954427 0.177083 0.954427 0.177083 0.902344 0.125000 0.902344
1 0.128906 0.356771 0.180990 0.356771 0.180990 0.304688 0.128906 0.304688
1 0.229167 0.273438 0.281250 0.273438 0.281250 0.221354 0.229167 0.221354
1 0.325521 0.714844 0.377604 0.714844 0.377604 0.662760 0.325521 0.662760
1 0.768229 0.071615 0.820312 0.071615 0.820312 0.019531 0.768229 0.019531
1 0.811198 0.486979 0.863281 0.486979 0.863281 0.434896 0.811198 0.434896
2 0.805990 0.384115 0.832031 0.384115 0.832031 0.358073 0.805990 0.358073
2 0.867188 0.562500 0.893229 0.562500 0.893229 0.536458 0.867188 0.536458
2 0.529948 0.627604 0.555990 0.627604 0.555990 0.601562 0.529948 0.601562
2 0.338542 0.427083 0.364583 0.427083 0.364583 0.401042 0.338542 0.401042
2 0.832031 0.356771 0.858073 0.356771 0.858073 0.330729 0.832031 0.330729
2 0.028646 0.490885 0.054688 0.490885 0.054688 0.464844 0.028646 0.464844
2 0.253906 0.195312 0.279948 0.195312 0.279948 0.169271 0.253906 0.169271
2 0.230469 0.299479 0.256510 0.299479 0.256510 0.273438 0.230469 0.273438
