0 0.184896 0.986979 0.295573 0.993490 0.259115 0.000000 0.149740 0.000000
1 0.069010 0.878906 0.121094 0.878906 0.121094 0.826823 0.069010 0.826823
1 0.122396 0.197917 0.174479 0.197917 0.174479 0.145833 0.122396 0.145833
1 0.182292 0.404948 0.234375 0.404948 0.234375 0.352865 0.182292 0.352865
1 0.212240 0.561198 0.264323 0.561198 0.264323 0.509115 0.212240 0.509115
1 0.446615 0.500000 0.498698 0.500000 0.498698 0.447917 0.446615 0.447917
1 0.555990 0.627604 0.608073 0.627604 0.608073 0.575521 0.555990 0.575521
1 0.575521 0.468750 0.627604 0.468750 0.627604 0.416667 0.575521 0.416667
1 0.846354 0.747396 0.898438 0.747396 0.898438 0.695312 0.846354 0.695312
2 0.354167 0.817708 0.380208 0.817708 0.380208 0.791667 0.354167 0.791667
2 0.845052 0.720052 0.871094 0.720052 0.871094 0.694010 0.845052 0.694010
