0 0.000000 0.815104 0.998698 0.757812 0.979167 0.648437 0.000000 0.704427
1 0.910156 0.867188 0.962240 0.867188 0.962240 0.815104 0.910156 0.815104
1 0.250000 0.722656 0.302083 0.722656 0.302083 0.670573 0.250000 0.670573
2 0.906250 0.790365 0.932292 0.790365 0.932292 0.764323 0.906250 0.764323
2 0.919271 0.998698 0.945312 0.998698 0.945312 0.972656 0.919271 0.972656
2 0.654948 0.022135 0.680990 0.022135 0.680990 0.001302 0.654948 0.001302
2 0.420573 0.059896 0.446615 0.059896 0.446615 0.033854 0.420573 0.033854
2 0.394531 0.505208 0.420573 0.505208 0.420573 0.479167 0.394531 0.479167
2 0.536458 0.236979 0.562500 0.236979 0.562500 0.210938 0.536458 0.210938
2 0.552083 0.522135 0.578125 0.522135 0.578125 0.496094 0.552083 0.496094
2 0.046875 0.343750 0.072917 0.343750 0.072917 0.317708 0.046875 0.317708
