0 0.000000 0.395833 0.000000 0.505208 0.992188 0.355469 0.993490 0.244792
1 0.727865 0.989583 0.779948 0.989583 0.779948 0.937500 0.727865 0.937500
1 0.212240 0.882812 0.264323 0.882812 0.264323 0.830729 0.212240 0.830729
1 0.256510 0.664062 0.308594 0.664062 0.308594 0.611979 0.256510 0.611979
1 0.937500 0.114583 0.989583 0.114583 0.989583 0.062500 0.937500 0.062500
1 0.467448 0.132812 0.519531 0.132812 0.519531 0.080729 0.467448 0.080729
1 0.750000 0.088542 0.802083 0.088542 0.802083 0.036458 0.750000 0.036458
1 0.375000 0.040365 0.427083 0.040365 0.427083 0.001302 0.375000 0.001302
2 0.147135 0.447917 0.173177 0.447917 0.173177 0.421875 0.147135 0.421875
2 0.859375 0.627604 0.885417 0.627604 0.885417 0.601562 0.859375 0.601562
2 0.377604 0.570312 0.403646 0.570312 0.403646 0.544271 0.377604 0.544271
2 0.631510 0.164062 0.657552 0.164062 0.657552 0.138021 0.631510 0.138021
2 0.712240 0.359375 0.738281 0.359375 0.738281 0.333333 0.712240 0.333333
2 0.734375 0.674479 0.760417 0.674479 0.760417 0.648438 0.734375 0.648438
2 0.122396 0.632812 0.148438 0.632812 0.148438 0.606771 0.122396 0.606771
2 0.682292 0.496094 0.708333 0.496094 0.708333 0.470052 0.682292 0.470052
