0 0.000000 0.055990 0.981771 0.115885 0.977865 0.005208 0.891927 0.000000
1 0.320312 0.048177 0.372396 0.048177 0.372396 0.000000 0.320312 0.000000
1 0.076823 0.190104 0.128906 0.190104 0.128906 0.138021 0.076823 0.138021
1 0.540365 0.269531 0.592448 0.269531 0.592448 0.217448 0.540365 0.217448
1 0.157552 0.585938 0.209635 0.585938 0.209635 0.533854 0.157552 0.533854
1 0.101562 0.634115 0.153646 0.634115 0.153646 0.582031 0.101562 0.582031
1 0.126302 0.635417 0.178385 0.635417 0.178385 0.583333 0.126302 0.583333
2 0.500000 0.500000 0.526042 0.500000 0.526042 0.473958 0.500000 0.473958
2 0.337240 0.621094 0.363281 0.621094 0.363281 0.595052 0.337240 0.595052
2 0.432292 0.757812 0.458333 0.757812 0.458333 0.731771 0.432292 0.731771
2 0.535156 0.763021 0.561198 0.763021 0.561198 0.736979 0.535156 0.736979
2 0.214844 0.899740 0.240885 0.899740 0.240885 0.873698 0.214844 0.873698
