0 0.000000 0.246094 0.994792 0.148437 0.997396 0.037760 0.000000 0.135417
1 0.670573 0.953125 0.722656 0.953125 0.722656 0.901042 0.670573 0.901042
1 0.252604 0.678385 0.304688 0.678385 0.304688 0.626302 0.252604 0.626302
1 0.667969 0.638021 0.720052 0.638021 0.720052 0.585938 0.667969 0.585938
1 0.171875 0.661458 0.223958 0.661458 0.223958 0.609375 0.171875 0.609375
1 0.442708 0.217448 0.494792 0.217448 0.494792 0.165365 0.442708 0.165365
1 0.403646 0.088542 0.455729 0.088542 0.455729 0.036458 0.403646 0.036458
2 0.433594 0.662760 0.459635 0.662760 0.459635 0.636719 0.433594 0.636719
2 0.652344 0.457031 0.678385 0.457031 0.678385 0.430990 0.652344 0.430990
2 0.218750 0.316406 0.244792 0.316406 0.244792 0.290365 0.218750 0.290365
2 0.283854 0.467448 0.309896 0.467448 0.309896 0.441406 0.283854 0.441406
2 0.733073 0.763021 0.759115 0.763021 0.759115 0.736979 0.733073 0.736979
2 0.895833 0.566406 0.921875 0.566406 0.921875 0.540365 0.895833 0.540365
2 0.315104 0.515625 0.341146 0.515625 0.341146 0.489583 0.315104 0.489583
