0 0.761719 1.000000 0.871094 1.000000 0.981771 0.011719 0.872396 0.002604
1 0.000000 0.419271 0.040365 0.419271 0.040365 0.367188 0.000000 0.367188
1 0.105469 0.537760 0.157552 0.537760 0.157552 0.485677 0.105469 0.485677
1 0.105469 0.773438 0.157552 0.773438 0.157552 0.721354 0.105469 0.721354
1 0.134115 0.751302 0.186198 0.751302 0.186198 0.699219 0.134115 0.699219
1 0.169271 0.441406 0.221354 0.441406 0.221354 0.389323 0.169271 0.389323
1 0.557292 0.484375 0.609375 0.484375 0.609375 0.432292 0.557292 0.432292
1 0.743490 0.923177 0.795573 0.923177 0.795573 0.871094 0.743490 0.871094
1 0.822917 0.459635 0.875000 0.459635 0.875000 0.407552 0.822917 0.407552
2 0.920573 0.967448 0.946615 0.967448 0.946615 0.941406 0.920573 0.941406
2 0.511719 0.634115 0.537760 0.634115 0.537760 0.608073 0.511719 0.608073
2 0.188802 0.938802 0.214844 0.938802 0.214844 0.912760 0.188802 0.912760
2 0.878906 0.885417 0.904948 0.885417 0.904948 0.859375 0.878906 0.859375
2 0.627604 0.778646 0.653646 0.778646 0.653646 0.752604 0.627604 0.752604
