0 0.516927 1.000000 0.627604 1.000000 0.636719 0.109375 0.526042 0.130208
1 0.109375 0.600260 0.161458 0.600260 0.161458 0.548177 0.109375 0.548177
1 0.190104 0.028646 0.242188 0.028646 0.242188 0.001302 0.190104 0.001302
1 0.450521 0.214844 0.502604 0.214844 0.502604 0.162760 0.450521 0.162760
1 0.472656 0.630208 0.524740 0.630208 0.524740 0.578125 0.472656 0.578125
1 0.473958 0.421875 0.526042 0.421875 0.526042 0.369792 0.473958 0.369792
1 0.635417 0.033854 0.687500 0.033854 0.687500 0.001302 0.635417 0.001302
1 0.757812 0.816406 0.809896 0.816406 0.809896 0.764323 0.757812 0.764323
1 0.785156 0.425781 0.837240 0.425781 0.837240 0.373698 0.785156 0.373698
2 0.654948 0.450521 0.680990 0.450521 0.680990 0.424479 0.654948 0.424479
2 0.839844 0.244792 0.865885 0.244792 0.865885 0.218750 0.839844 0.218750
2 0.557292 0.058594 0.583333 0.058594 0.583333 0.032552 0.557292 0.032552
2 0.031250 0.522135 0.057292 0.522135 0.057292 0.496094 0.031250 0.496094
2 0.212240 0.576823 0.238281 0.576823 0.238281 0.550781 0.212240 0.550781
2 0.524740 0.526042 0.550781 0.526042 0.550781 0.500000 0.524740 0.500000
2 0.131510 0.915365 0.157552 0.915365 0.157552 0.889323 0.131510 0.889323
