0 0.990885 0.567708 0.998698 0.458333 0.000000 0.316406 0.000000 0.427083
1 0.917969 0.166667 0.970052 0.166667 0.970052 0.114583 0.917969 0.114583
1 0.407552 0.253906 0.459635 0.253906 0.459635 0.201823 0.407552 0.201823
1 0.451823 0.496094 0.503906 0.496094 0.503906 0.444010 0.451823 0.444010
1 0.503906 0.871094 0.555990 0.871094 0.555990 0.819010 0.503906 0.819010
2 0.647135 0.207031 0.673177 0.207031 0.673177 0.180990 0.647135 0.180990
2 0.484375 0.052083 0.510417 0.052083 0.510417 0.026042 0.484375 0.026042
2 0.492188 0.184896 0.518229 0.184896 0.518229 0.158854 0.492188 0.158854
2 0.807292 0.940104 0.833333 0.940104 0.833333 0.914062 0.807292 0.914062
2 0.128906 0.157552 0.154948 0.157552 0.154948 0.131510 0.128906 0.131510
