0 0.351563 1.000000 0.462240 1.000000 0.378906 0.006510 0.268229 0.003906
1 0.684896 0.247396 0.736979 0.247396 0.736979 0.195312 0.684896 0.195312
1 0.486979 0.994792 0.539063 0.994792 0.539063 0.942708 0.486979 0.942708
1 0.183594 0.472656 0.235677 0.472656 0.235677 0.420573 0.183594 0.420573
1 0.169271 0.605469 0.221354 0.605469 0.221354 0.553385 0.169271 0.553385
1 0.108073 0.529948 0.160156 0.529948 0.160156 0.477865 0.108073 0.477865
1 0.052083 0.795573 0.104167 0.795573 0.104167 0.743490 0.052083 0.743490
1 0.039062 0.641927 0.091146 0.641927 0.091146 0.589844 0.039062 0.589844
2 0.307292 0.385417 0.333333 0.385417 0.333333 0.359375 0.307292 0.359375
2 0.040365 0.955729 0.066406 0.955729 0.066406 0.929688 0.040365 0.929688
