0 0.968750 0.994792 0.998698 0.000000 0.998698 0.000000 0.889323 0.000000
1 0.029948 0.846354 0.082031 0.846354 0.082031 0.794271 0.029948 0.794271
1 0.122396 0.057292 0.174479 0.057292 0.174479 0.005208 0.122396 0.005208
1 0.197917 0.992188 0.250000 0.992188 0.250000 0.940104 0.197917 0.940104
1 0.200521 0.363281 0.252604 0.363281 0.252604 0.311198 0.200521 0.311198
1 0.329427 0.039062 0.381510 0.039062 0.381510 0.000000 0.329427 0.000000
1 0.592448 0.723958 0.644531 0.723958 0.644531 0.671875 0.592448 0.671875
1 0.963542 0.119792 0.998698 0.119792 0.998698 0.067708 0.963542 0.067708
2 0.108073 0.188802 0.134115 0.188802 0.134115 0.162760 0.108073 0.162760
2 0.604167 0.856771 0.630208 0.856771 0.630208 0.830729 0.604167 0.830729
