0 0.026042 0.994792 0.136719 0.993490 0.292969 -0.000000 0.182292 -0.000000
1 0.886719 0.088542 0.938802 0.088542 0.938802 0.036458 0.886719 0.036458
1 0.669271 0.635417 0.721354 0.635417 0.721354 0.583333 0.669271 0.583333
1 0.680990 0.213542 0.733073 0.213542 0.733073 0.161458 0.680990 0.161458
1 0.604167 0.546875 0.656250 0.546875 0.656250 0.494792 0.604167 0.494792
1 0.256510 0.227865 0.308594 0.227865 0.308594 0.175781 0.256510 0.175781
1 0.119792 0.945312 0.171875 0.945312 0.171875 0.893229 0.119792 0.893229
1 0.128906 0.207031 0.180990 0.207031 0.180990 0.154948 0.128906 0.154948
2 0.322917 0.472656 0.348958 0.472656 0.348958 0.446615 0.322917 0.446615
2 0.859375 0.240885 0.885417 0.240885 0.885417 0.214844 0.859375 0.214844
2 0.283854 0.045573 0.309896 0.045573 0.309896 0.019531 0.283854 0.019531
2 0.165365 0.475260 0.191406 0.475260 0.191406 0.449219 0.165365 0.449219
2 0.187500 0.320312 0.213542 0.320312 0.213542 0.294271 0.187500 0.294271
2 0.713542 0.507813 0.739583 0.507813 0.739583 0.481771 0.713542 0.481771
2 0.686198 0.503906 0.712240 0.503906 0.712240 0.477865 0.686198 0.477865
2 0.096354 0.227865 0.122396 0.227865 0.122396 0.201823 0.096354 0.201823
