0 0.001302 0.229167 0.009115 0.338542 1.000000 0.204427 1.000000 0.093750
1 0.781250 0.063802 0.833333 0.063802 0.833333 0.011719 0.781250 0.011719
1 0.264323 0.132812 0.316406 0.132812 0.316406 0.080729 0.264323 0.080729
1 0.885417 0.260417 0.937500 0.260417 0.937500 0.208333 0.885417 0.208333
2 0.619792 0.427083 0.645833 0.427083 0.645833 0.401042 0.619792 0.401042
2 0.428385 0.953125 0.454427 0.953125 0.454427 0.927083 0.428385 0.927083
2 0.227865 0.638021 0.253906 0.638021 0.253906 0.611979 0.227865 0.611979
2 0.617188 0.980469 0.643229 0.980469 0.643229 0.954427 0.617188 0.954427
2 0.355469 0.990885 0.381510 0.990885 0.381510 0.964844 0.355469 0.964844
2 0.125000 0.652344 0.151042 0.652344 0.151042 0.626302 0.125000 0.626302
