0 0.493490 0.980469 0.604167 0.983073 0.545573 0.000000 0.434896 0.000000
1 0.042969 0.759115 0.095052 0.759115 0.095052 0.707031 0.042969 0.707031
1 0.070312 0.757812 0.122396 0.757812 0.122396 0.705729 0.070312 0.705729
1 0.282552 0.404948 0.334635 0.404948 0.334635 0.352865 0.282552 0.352865
1 0.467448 0.864583 0.519531 0.864583 0.519531 0.812500 0.467448 0.812500
1 0.501302 0.998698 0.553385 0.998698 0.553385 0.967448 0.501302 0.967448
1 0.709635 0.981771 0.761719 0.981771 0.761719 0.929688 0.709635 0.929688
1 0.720052 0.302083 0.772135 0.302083 0.772135 0.250000 0.720052 0.250000
1 0.917969 0.109375 0.970052 0.109375 0.970052 0.057292 0.917969 0.057292
2 0.154948 0.440104 0.180990 0.440104 0.180990 0.414062 0.154948 0.414062
2 0.135417 0.101562 0.161458 0.101562 0.161458 0.075521 0.135417 0.075521
2 0.574219 0.885417 0.600260 0.885417 0.600260 0.859375 0.574219 0.859375
2 0.162760 0.571615 0.188802 0.571615 0.188802 0.545573 0.162760 0.545573
2 0.317708 0.091146 0.343750 0.091146 0.343750 0.065104 0.317708 0.065104
2 0.432292 0.709635 0.458333 0.709635 0.458333 0.683594 0.432292 0.683594
