0 0.869792 0.996094 0.980469 0.997396 0.852865 -0.000000 0.742188 -0.000000
1 0.049479 0.501302 0.101562 0.501302 0.101562 0.449219 0.049479 0.449219
1 0.108073 0.335938 0.160156 0.335938 0.160156 0.283854 0.108073 0.283854
1 0.286458 0.705729 0.338542 0.705729 0.338542 0.653646 0.286458 0.653646
1 0.319010 0.963542 0.371094 0.963542 0.371094 0.911458 0.319010 0.911458
1 0.354167 0.199219 0.406250 0.199219 0.406250 0.147135 0.354167 0.147135
1 0.600260 0.299479 0.652344 0.299479 0.652344 0.247396 0.600260 0.247396
1 0.916667 0.494792 0.968750 0.494792 0.968750 0.442708 0.916667 0.442708
2 0.716146 0.156250 0.742188 0.156250 0.742188 0.130208 0.716146 0.130208
2 0.615885 0.404948 0.641927 0.404948 0.641927 0.378906 0.615885 0.378906
2 0.707031 0.916667 0.733073 0.916667 0.733073 0.890625 0.707031 0.890625
2 0.658854 0.949219 0.684896 0.949219 0.684896 0.923177 0.658854 0.923177
2 0.204427 0.875000 0.230469 0.875000 0.230469 0.848958 0.204427 0.848958
2 0.807292 0.247396 0.833333 0.247396 0.833333 0.221354 0.807292 0.221354
2 0.830729 0.850260 0.856771 0.850260 0.856771 0.824219 0.830729 0.824219
