0 0.076823 0.966146 0.113281 0.000000 0.002604 0.000000 0.001302 0.024740
1 0.822917 0.954427 0.875000 0.954427 0.875000 0.902344 0.822917 0.902344
1 0.819010 0.356771 0.871094 0.356771 0.871094 0.304688 0.819010 0.304688
1 0.718750 0.273438 0.770833 0.273438 0.770833 0.221354 0.718750 0.221354
1 0.622396 0.714844 0.674479 0.714844 0.674479 0.662760 0.622396 0.662760
1 0.179688 0.071615 0.231771 0.071615 0.231771 0.019531 0.179688 0.019531
1 0.136719 0.486979 0.188802 0.486979 0.188802 0.434896 0.136719 0.434896
2 0.167969 0.384115 0.194010 0.384115 0.194010 0.358073 0.167969 0.358073
2 0.106771 0.562500 0.132812 0.562500 0.132812 0.536458 0.106771 0.536458
2 0.444010 0.627604 0.470052 0.627604 0.470052 0.601562 0.444010 0.601562
2 0.635417 0.427083 0.661458 0.427083 0.661458 0.401042 0.635417 0.401042
2 0.141927 0.356771 0.167969 0.356771 0.167969 0.330729 0.141927 0.330729
2 0.945312 0.490885 0.971354 0.490885 0.971354 0.464844 0.945312 0.464844
2 0.720052 0.195312 0.746094 0.195312 0.746094 0.169271 0.720052 0.169271
2 0.743490 0.299479 0.769531 0.299479 0.769531 0.273438 0.743490 0.273438
