0 0.988281 0.981771 0.997396 0.872396 0.000000 0.761719 0.000000 0.871094
1 0.580729 0.040365 0.632813 0.040365 0.632813 0.000000 0.580729 0.000000
1 0.462240 0.157552 0.514323 0.157552 0.514323 0.105469 0.462240 0.105469
1 0.226562 0.157552 0.278646 0.157552 0.278646 0.105469 0.226562 0.105469
1 0.248698 0.186198 0.300781 0.186198 0.300781 0.134115 0.248698 0.134115
1 0.558594 0.221354 0.610677 0.221354 0.610677 0.169271 0.558594 0.169271
1 0.515625 0.609375 0.567708 0.609375 0.567708 0.557292 0.515625 0.557292
1 0.076823 0.795573 0.128906 0.795573 0.128906 0.743490 0.076823 0.743490
1 0.540365 0.875000 0.592448 0.875000 0.592448 0.822917 0.540365 0.822917
2 0.032552 0.946615 0.058594 0.946615 0.058594 0.920573 0.032552 0.920573
2 0.365885 0.537760 0.391927 0.537760 0.391927 0.511719 0.365885 0.511719
2 0.061198 0.214844 0.087240 0.214844 0.087240 0.188802 0.061198 0.188802
2 0.114583 0.904948 0.140625 0.904948 0.140625 0.878906 0.114583 0.878906
2 0.221354 0.653646 0.247396 0.653646 0.247396 0.627604 0.221354 0.627604
