0 0.131510 1.000000 0.242187 1.000000 0.399740 0.006510 0.289063 0.007812
1 0.282552 0.391927 0.334635 0.391927 0.334635 0.339844 0.282552 0.339844
1 0.247396 0.966146 0.299479 0.966146 0.299479 0.914062 0.247396 0.914062
1 0.384115 0.091146 0.436198 0.091146 0.436198 0.039062 0.384115 0.039062
1 0.765625 0.678385 0.817708 0.678385 0.817708 0.626302 0.765625 0.626302
1 0.907552 0.621094 0.959635 0.621094 0.959635 0.569010 0.907552 0.569010
2 0.964844 0.734375 0.990885 0.734375 0.990885 0.708333 0.964844 0.708333
2 0.053385 0.326823 0.079427 0.326823 0.079427 0.300781 0.053385 0.300781
2 0.520833 0.216146 0.546875 0.216146 0.546875 0.190104 0.520833 0.190104
2 0.932292 0.940104 0.958333 0.940104 0.958333 0.914062 0.932292 0.914062
