0 0.000000 0.565104 0.980469 0.506510 0.983073 0.395833 0.000000 0.454427
1 0.707031 0.957031 0.759115 0.957031 0.759115 0.904948 0.707031 0.904948
1 0.705729 0.929688 0.757812 0.929688 0.757812 0.877604 0.705729 0.877604
1 0.352865 0.717448 0.404948 0.717448 0.404948 0.665365 0.352865 0.665365
1 0.812500 0.532552 0.864583 0.532552 0.864583 0.480469 0.812500 0.480469
1 0.967448 0.498698 0.998698 0.498698 0.998698 0.446615 0.967448 0.446615
1 0.929688 0.290365 0.981771 0.290365 0.981771 0.238281 0.929688 0.238281
1 0.250000 0.279948 0.302083 0.279948 0.302083 0.227865 0.250000 0.227865
1 0.057292 0.082031 0.109375 0.082031 0.109375 0.029948 0.057292 0.029948
2 0.414062 0.845052 0.440104 0.845052 0.440104 0.819010 0.414062 0.819010
2 0.075521 0.864583 0.101562 0.864583 0.101562 0.838542 0.075521 0.838542
2 0.859375 0.425781 0.885417 0.425781 0.885417 0.399740 0.859375 0.399740
2 0.545573 0.837240 0.571615 0.837240 0.571615 0.811198 0.545573 0.811198
2 0.065104 0.682292 0.091146 0.682292 0.091146 0.656250 0.065104 0.656250
2 0.683594 0.567708 0.709635 0.567708 0.709635 0.541667 0.683594 0.541667
