0 0.210938 1.000000 0.321615 1.000000 0.338542 0.010417 0.227865 0.022135
1 0.082031 0.519531 0.134115 0.519531 0.134115 0.467448 0.082031 0.467448
1 0.160156 0.626302 0.212240 0.626302 0.212240 0.574219 0.160156 0.574219
1 0.450521 0.371094 0.502604 0.371094 0.502604 0.319010 0.450521 0.319010
1 0.466146 0.970052 0.518229 0.970052 0.518229 0.917969 0.466146 0.917969
1 0.545573 0.867188 0.597656 0.867188 0.597656 0.815104 0.545573 0.815104
1 0.842448 0.220052 0.894531 0.220052 0.894531 0.167969 0.842448 0.167969
2 0.518229 0.970052 0.544271 0.970052 0.544271 0.944010 0.518229 0.944010
2 0.186198 0.445312 0.212240 0.445312 0.212240 0.419271 0.186198 0.419271
2 0.087240 0.156250 0.113281 0.156250 0.113281 0.130208 0.087240 0.130208
2 0.972656 0.351563 0.998698 0.351563 0.998698 0.325521 0.972656 0.325521
2 0.805990 0.819010 0.832031 0.819010 0.832031 0.792969 0.805990 0.792969
2 0.805990 0.843750 0.832031 0.843750 0.832031 0.817708 0.805990 0.817708
