0 0.005208 0.502604 1.000000 0.544271 1.000000 0.433594 0.001302 0.391927
1 0.579427 0.531250 0.631510 0.531250 0.631510 0.479167 0.579427 0.479167
1 0.375000 0.419271 0.427083 0.419271 0.427083 0.367188 0.375000 0.367188
1 0.481771 0.343750 0.533854 0.343750 0.533854 0.291667 0.481771 0.291667
1 0.847656 0.333333 0.899740 0.333333 0.899740 0.281250 0.847656 0.281250
1 0.750000 0.200521 0.802083 0.200521 0.802083 0.148438 0.750000 0.148438
1 0.462240 0.186198 0.514323 0.186198 0.514323 0.134115 0.462240 0.134115
1 0.309896 0.127604 0.361979 0.127604 0.361979 0.075521 0.309896 0.075521
1 0.598958 0.036458 0.651042 0.036458 0.651042 0.001302 0.598958 0.001302
2 0.130208 0.042969 0.156250 0.042969 0.156250 0.016927 0.130208 0.016927
2 0.722656 0.821615 0.748698 0.821615 0.748698 0.795573 0.722656 0.795573
2 0.847656 0.930990 0.873698 0.930990 0.873698 0.904948 0.847656 0.904948
2 0.838542 0.541667 0.864583 0.541667 0.864583 0.515625 0.838542 0.515625
