0 0.000000 0.877604 0.972656 0.842448 0.977865 0.731771 0.000000 0.766927
1 0.486979 0.970052 0.539062 0.970052 0.539062 0.917969 0.486979 0.917969
1 0.430990 0.816406 0.483073 0.816406 0.483073 0.764323 0.430990 0.764323
1 0.505208 0.656250 0.557292 0.656250 0.557292 0.604167 0.505208 0.604167
1 0.606771 0.598958 0.658854 0.598958 0.658854 0.546875 0.606771 0.546875
1 0.363281 0.375000 0.415365 0.375000 0.415365 0.322917 0.363281 0.322917
1 0.746094 0.125000 0.798177 0.125000 0.798177 0.072917 0.746094 0.072917
1 0.535156 0.080729 0.587240 0.080729 0.587240 0.028646 0.535156 0.028646
1 0.899740 0.042969 0.951823 0.042969 0.951823 0.001302 0.899740 0.001302
2 0.165365 0.643229 0.191406 0.643229 0.191406 0.617188 0.165365 0.617188
