0 0.000000 0.889323 0.000000 1.000000 0.992188 0.863281 0.993490 0.752604
1 0.075521 0.897135 0.127604 0.897135 0.127604 0.845052 0.075521 0.845052
1 0.582031 0.748698 0.634115 0.748698 0.634115 0.696615 0.582031 0.696615
1 0.315104 0.520833 0.367188 0.520833 0.367188 0.468750 0.315104 0.468750
1 0.671875 0.446615 0.723958 0.446615 0.723958 0.394531 0.671875 0.394531
1 0.334635 0.467448 0.386719 0.467448 0.386719 0.415365 0.334635 0.415365
1 0.299479 0.208333 0.351562 0.208333 0.351562 0.156250 0.299479 0.156250
1 0.963542 0.065104 0.998698 0.065104 0.998698 0.013021 0.963542 0.013021
2 0.376302 0.567708 0.402344 0.567708 0.402344 0.541667 0.376302 0.541667
2 0.566406 0.804688 0.592448 0.804688 0.592448 0.778646 0.566406 0.778646
2 0.453125 0.557292 0.479167 0.557292 0.479167 0.531250 0.453125 0.531250
2 0.078125 0.898438 0.104167 0.898438 0.104167 0.872396 0.078125 0.872396
2 0.576823 0.121094 0.602865 0.121094 0.602865 0.095052 0.576823 0.095052
