0 0.010417 0.380208 1.000000 0.283854 1.000000 0.173177 0.013021 0.269531
1 0.585938 0.042969 0.638021 0.042969 0.638021 0.000000 0.585938 0.000000
1 0.851562 0.097656 0.903646 0.097656 0.903646 0.045573 0.851562 0.045573
1 0.451823 0.290365 0.503906 0.290365 0.503906 0.238281 0.451823 0.238281
1 0.398438 0.558594 0.450521 0.558594 0.450521 0.506510 0.398438 0.506510
1 0.485677 0.630208 0.537760 0.630208 0.537760 0.578125 0.485677 0.578125
1 0.623698 0.721354 0.675781 0.721354 0.675781 0.669271 0.623698 0.669271
1 0.522135 0.730469 0.574219 0.730469 0.574219 0.678385 0.522135 0.678385
2 0.781250 0.707031 0.807292 0.707031 0.807292 0.680990 0.781250 0.680990
2 0.537760 0.076823 0.563802 0.076823 0.563802 0.050781 0.537760 0.050781
2 0.720052 0.608073 0.746094 0.608073 0.746094 0.582031 0.720052 0.582031
2 0.628906 0.225260 0.654948 0.225260 0.654948 0.199219 0.628906 0.199219
2 0.238281 0.497396 0.264323 0.497396 0.264323 0.471354 0.238281 0.471354
2 0.772135 0.339844 0.798177 0.339844 0.798177 0.313802 0.772135 0.313802
2 0.250000 0.914062 0.276042 0.914062 0.276042 0.888021 0.250000 0.888021
