0 0.483073 1.000000 0.593750 1.000000 0.714844 0.010417 0.605469 0.001302
1 0.246094 0.235677 0.298177 0.235677 0.298177 0.183594 0.246094 0.183594
1 0.376302 0.460938 0.428385 0.460938 0.428385 0.408854 0.376302 0.408854
1 0.552083 0.536458 0.604167 0.536458 0.604167 0.484375 0.552083 0.484375
1 0.587240 0.881510 0.639323 0.881510 0.639323 0.829427 0.587240 0.829427
1 0.648437 1.000000 0.700521 1.000000 0.700521 0.968750 0.648437 0.968750
1 0.774740 0.643229 0.826823 0.643229 0.826823 0.591146 0.774740 0.591146
1 0.846354 0.048177 0.898438 0.048177 0.898438 0.001302 0.846354 0.001302
1 0.852865 0.205729 0.904948 0.205729 0.904948 0.153646 0.852865 0.153646
2 0.697917 0.394531 0.723958 0.394531 0.723958 0.368490 0.697917 0.368490
2 0.957031 0.846354 0.983073 0.846354 0.983073 0.820312 0.957031 0.820312
2 0.364583 0.328125 0.390625 0.328125 0.390625 0.302083 0.364583 0.302083
2 0.123698 0.798177 0.149740 0.798177 0.149740 0.772135 0.123698 0.772135
2 0.518229 0.138021 0.544271 0.138021 0.544271 0.111979 0.518229 0.111979
