0 0.695312 0.994792 0.805990 0.993490 0.894531 0.000000 0.783854 0.000000
1 0.795573 0.161458 0.847656 0.161458 0.847656 0.109375 0.795573 0.109375
1 0.699219 0.048177 0.751302 0.048177 0.751302 0.000000 0.699219 0.000000
1 0.621094 0.040365 0.673177 0.040365 0.673177 0.000000 0.621094 0.000000
1 0.376302 0.151042 0.428385 0.151042 0.428385 0.098958 0.376302 0.098958
1 0.290365 0.248698 0.342448 0.248698 0.342448 0.196615 0.290365 0.196615
1 0.220052 0.450521 0.272135 0.450521 0.272135 0.398438 0.220052 0.398437
1 0.098958 0.335937 0.151042 0.335937 0.151042 0.283854 0.098958 0.283854
2 0.734375 0.546875 0.760417 0.546875 0.760417 0.520833 0.734375 0.520833
2 0.557292 0.765625 0.583333 0.765625 0.583333 0.739583 0.557292 0.739583
2 0.518229 0.894531 0.544271 0.894531 0.544271 0.868490 0.518229 0.868490
2 0.036458 0.147135 0.062500 0.147135 0.062500 0.121094 0.036458 0.121094
2 0.609375 0.170573 0.635417 0.170573 0.635417 0.144531 0.609375 0.144531
2 0.759115 0.835938 0.785156 0.835938 0.785156 0.809896 0.759115 0.809896
2 0.342448 0.826823 0.368490 0.826823 0.368490 0.800781 0.342448 0.800781
2 0.928385 0.407552 0.954427 0.407552 0.954427 0.381510 0.928385 0.381510
