0 0.014323 0.451823 1.000000 0.368490 1.000000 0.257812 0.001302 0.342448
1 0.016927 0.040365 0.069010 0.040365 0.069010 0.000000 0.016927 0.000000
1 0.355469 0.666667 0.407552 0.666667 0.407552 0.614583 0.355469 0.614583
1 0.184896 0.811198 0.236979 0.811198 0.236979 0.759115 0.184896 0.759115
2 0.098958 0.687500 0.125000 0.687500 0.125000 0.661458 0.098958 0.661458
2 0.645833 0.998698 0.671875 0.998698 0.671875 0.983073 0.645833 0.983073
2 0.975260 0.877604 1.000000 0.877604 1.000000 0.851562 0.975260 0.851562
2 0.951823 0.904948 0.977865 0.904948 0.977865 0.878906 0.951823 0.878906
2 0.648437 0.093750 0.674479 0.093750 0.674479 0.067708 0.648437 0.067708
2 0.161458 0.500000 0.187500 0.500000 0.187500 0.473958 0.161458 0.473958
2 0.001302 0.121094 0.023437 0.121094 0.023437 0.095052 0.001302 0.095052
2 0.265625 0.518229 0.291667 0.518229 0.291667 0.492188 0.265625 0.492188
