0 1.000000 0.670573 1.000000 0.559896 0.002604 0.436198 0.005208 0.546875
1 0.141927 0.878906 0.194010 0.878906 0.194010 0.826823 0.141927 0.826823
1 0.001302 0.490885 0.032552 0.490885 0.032552 0.438802 0.001302 0.438802
1 0.216146 0.494792 0.268229 0.494792 0.268229 0.442708 0.216146 0.442708
1 0.011719 0.442708 0.063802 0.442708 0.063802 0.390625 0.011719 0.390625
1 0.045573 0.394531 0.097656 0.394531 0.097656 0.342448 0.045573 0.342448
2 0.962240 0.375000 0.988281 0.375000 0.988281 0.348958 0.962240 0.348958
2 0.924479 0.895833 0.950521 0.895833 0.950521 0.869792 0.924479 0.869792
2 0.023438 0.757812 0.049479 0.757812 0.049479 0.731771 0.023438 0.731771
2 0.108073 0.716146 0.134115 0.716146 0.134115 0.690104 0.108073 0.690104
