0 0.000000 0.091146 0.998698 0.055990 0.000000 0.001302 0.000000 0.001302
1 0.800781 0.983073 0.852865 0.983073 0.852865 0.930990 0.800781 0.930990
1 0.848958 0.825521 0.901042 0.825521 0.901042 0.773438 0.848958 0.773438
1 0.792969 0.748698 0.845052 0.748698 0.845052 0.696615 0.792969 0.696615
1 0.471354 0.447917 0.523438 0.447917 0.523438 0.395833 0.471354 0.395833
2 0.821615 0.774740 0.847656 0.774740 0.847656 0.748698 0.821615 0.748698
2 0.246094 0.718750 0.272135 0.718750 0.272135 0.692708 0.246094 0.692708
2 0.708333 0.518229 0.734375 0.518229 0.734375 0.492188 0.708333 0.492188
2 0.300781 0.063802 0.326823 0.063802 0.326823 0.037760 0.300781 0.037760
2 0.688802 0.727865 0.714844 0.727865 0.714844 0.701823 0.688802 0.701823
2 0.605469 0.549479 0.631510 0.549479 0.631510 0.523438 0.605469 0.523438
2 0.513021 0.161458 0.539062 0.161458 0.539062 0.135417 0.513021 0.135417
