0 1.000000 0.105469 1.000000 0.001302 1.000000 0.001302 0.307292 0.001302
1 0.236979 0.885417 0.289062 0.885417 0.289062 0.833333 0.236979 0.833333
1 0.466146 0.763021 0.518229 0.763021 0.518229 0.710938 0.466146 0.710938
1 0.851562 0.477865 0.903646 0.477865 0.903646 0.425781 0.851562 0.425781
1 0.515625 0.427083 0.567708 0.427083 0.567708 0.375000 0.515625 0.375000
1 0.583333 0.148438 0.635417 0.148438 0.635417 0.096354 0.583333 0.096354
1 0.557292 0.145833 0.609375 0.145833 0.609375 0.093750 0.557292 0.093750
1 0.019531 0.039062 0.071615 0.039062 0.071615 0.001302 0.019531 0.001302
2 0.609375 0.308594 0.635417 0.308594 0.635417 0.282552 0.609375 0.282552
2 0.606771 0.334635 0.632812 0.334635 0.632812 0.308594 0.606771 0.308594
2 0.800781 0.626302 0.826823 0.626302 0.826823 0.600260 0.800781 0.600260
2 0.701823 0.584635 0.727865 0.584635 0.727865 0.558594 0.701823 0.558594
2 0.001302 0.373698 0.020833 0.373698 0.020833 0.347656 0.001302 0.347656
2 0.902344 0.298177 0.928385 0.298177 0.928385 0.272135 0.902344 0.272135
2 0.055990 0.858073 0.082031 0.858073 0.082031 0.832031 0.055990 0.832031
