0 0.761719 0.963542 0.872396 0.951823 0.889323 0.000000 0.778646 0.000000
1 0.925781 0.037760 0.977865 0.037760 0.977865 0.000000 0.925781 0.000000
1 0.888021 0.713542 0.940104 0.713542 0.940104 0.661458 0.888021 0.661458
1 0.743490 0.035156 0.795573 0.035156 0.795573 0.000000 0.743490 0.000000
1 0.649740 0.945312 0.701823 0.945312 0.701823 0.893229 0.649740 0.893229
1 0.601562 0.683594 0.653646 0.683594 0.653646 0.631510 0.601562 0.631510
1 0.399740 0.341146 0.451823 0.341146 0.451823 0.289062 0.399740 0.289062
2 0.165365 0.311198 0.191406 0.311198 0.191406 0.285156 0.165365 0.285156
2 0.845052 0.063802 0.871094 0.063802 0.871094 0.037760 0.845052 0.037760
2 0.079427 0.805990 0.105469 0.805990 0.105469 0.779948 0.079427 0.779948
2 0.449219 0.498698 0.475260 0.498698 0.475260 0.472656 0.449219 0.472656
2 0.243490 0.287760 0.269531 0.287760 0.269531 0.261719 0.243490 0.261719
2 0.781250 0.868490 0.807292 0.868490 0.807292 0.842448 0.781250 0.842448
2 0.738281 0.321615 0.764323 0.321615 0.764323 0.295573 0.738281 0.295573
