0 0.036458 0.238281 1.000000 0.221354 1.000000 0.110677 0.048177 0.127604
1 0.962240 0.074219 1.000000 0.074219 1.000000 0.022135 0.962240 0.022135
1 0.286458 0.111979 0.338542 0.111979 0.338542 0.059896 0.286458 0.059896
1 0.964844 0.256510 1.000000 0.256510 1.000000 0.204427 0.964844 0.204427
1 0.054688 0.350260 0.106771 0.350260 0.106771 0.298177 0.054688 0.298177
1 0.316406 0.398438 0.368490 0.398438 0.368490 0.346354 0.316406 0.346354
1 0.658854 0.600260 0.710938 0.600260 0.710938 0.548177 0.658854 0.548177
2 0.688802 0.834635 0.714844 0.834635 0.714844 0.808594 0.688802 0.808594
2 0.936198 0.154948 0.962240 0.154948 0.962240 0.128906 0.936198 0.128906
2 0.194010 0.920573 0.220052 0.920573 0.220052 0.894531 0.194010 0.894531
2 0.501302 0.550781 0.527344 0.550781 0.527344 0.524740 0.501302 0.524740
2 0.712240 0.756510 0.738281 0.756510 0.738281 0.730469 0.712240 0.730469
2 0.131510 0.218750 0.157552 0.218750 0.157552 0.192708 0.131510 0.192708
2 0.678385 0.261719 0.704427 0.261719 0.704427 0.235677 0.678385 0.235677
