0 0.865885 1.000000 0.976562 1.000000 0.998698 0.460938 0.906250 0.018229
1 0.000000 0.324219 0.037760 0.324219 0.037760 0.272135 0.000000 0.272135
1 0.117188 0.278646 0.169271 0.278646 0.169271 0.226562 0.117188 0.226562
1 0.325521 0.286458 0.377604 0.286458 0.377604 0.234375 0.325521 0.234375
1 0.356771 0.182292 0.408854 0.182292 0.408854 0.130208 0.356771 0.130208
1 0.739583 1.000000 0.791667 1.000000 0.791667 0.953125 0.739583 0.953125
1 0.755208 0.667969 0.807292 0.667969 0.807292 0.615885 0.755208 0.615885
1 0.765625 0.382812 0.817708 0.382812 0.817708 0.330729 0.765625 0.330729
2 0.764323 0.434896 0.790365 0.434896 0.790365 0.408854 0.764323 0.408854
2 0.226562 0.777344 0.252604 0.777344 0.252604 0.751302 0.226562 0.751302
2 0.688802 0.325521 0.714844 0.325521 0.714844 0.299479 0.688802 0.299479
2 0.671875 0.716146 0.697917 0.716146 0.697917 0.690104 0.671875 0.690104
