0 0.373698 0.985677 0.484375 0.981771 0.523438 0.000000 0.412760 0.000000
1 0.902344 0.906250 0.954427 0.906250 0.954427 0.854167 0.902344 0.854167
1 0.647135 0.088542 0.699219 0.088542 0.699219 0.036458 0.647135 0.036458
1 0.575521 0.606771 0.627604 0.606771 0.627604 0.554688 0.575521 0.554688
1 0.300781 0.936198 0.352865 0.936198 0.352865 0.884115 0.300781 0.884115
1 0.205729 0.722656 0.257812 0.722656 0.257812 0.670573 0.205729 0.670573
1 0.194010 0.411458 0.246094 0.411458 0.246094 0.359375 0.194010 0.359375
1 0.001302 0.270833 0.040365 0.270833 0.040365 0.218750 0.001302 0.218750
2 0.877604 0.854167 0.903646 0.854167 0.903646 0.828125 0.877604 0.828125
2 0.630208 0.531250 0.656250 0.531250 0.656250 0.505208 0.630208 0.505208
2 0.553385 0.475260 0.579427 0.475260 0.579427 0.449219 0.553385 0.449219
2 0.131510 0.615885 0.157552 0.615885 0.157552 0.589844 0.131510 0.589844
