0 0.694010 1.000000 0.804688 1.000000 0.763021 0.013021 0.652344 0.009115
1 0.960938 0.923177 1.000000 0.923177 1.000000 0.871094 0.960938 0.871094
1 0.615885 0.180990 0.667969 0.180990 0.667969 0.128906 0.615885 0.128906
1 0.388021 0.320312 0.440104 0.320312 0.440104 0.268229 0.388021 0.268229
1 0.274740 0.092448 0.326823 0.092448 0.326823 0.040365 0.274740 0.040365
1 0.101562 0.359375 0.153646 0.359375 0.153646 0.307292 0.101562 0.307292
1 0.026042 0.361979 0.078125 0.361979 0.078125 0.309896 0.026042 0.309896
2 0.225260 0.824219 0.251302 0.824219 0.251302 0.798177 0.225260 0.798177
2 0.557292 0.600260 0.583333 0.600260 0.583333 0.574219 0.557292 0.574219
2 0.070312 0.858073 0.096354 0.858073 0.096354 0.832031 0.070312 0.832031
2 0.453125 0.632812 0.479167 0.632812 0.479167 0.606771 0.453125 0.606771
2 0.178385 0.930990 0.204427 0.930990 0.204427 0.904948 0.178385 0.904948
2 0.281250 0.898438 0.307292 0.898438 0.307292 0.872396 0.281250 0.872396
2 0.247396 0.717448 0.273438 0.717448 0.273438 0.691406 0.247396 0.691406
2 0.402344 0.035156 0.428385 0.035156 0.428385 0.009115 0.402344 0.009115
