0 0.998698 0.580729 0.997396 0.470052 0.000000 0.299479 0.000000 0.410156
1 0.231771 0.088542 0.283854 0.088542 0.283854 0.036458 0.231771 0.036458
1 0.970052 0.240885 0.998698 0.240885 0.998698 0.188802 0.970052 0.188802
1 0.311198 0.393229 0.363281 0.393229 0.363281 0.341146 0.311198 0.341146
1 0.944010 0.553385 0.996094 0.553385 0.996094 0.501302 0.944010 0.501302
1 0.760417 0.705729 0.812500 0.705729 0.812500 0.653646 0.760417 0.653646
1 0.330729 0.740885 0.382812 0.740885 0.382812 0.688802 0.330729 0.688802
2 0.345052 0.949219 0.371094 0.949219 0.371094 0.923177 0.345052 0.923177
2 0.812500 0.078125 0.838542 0.078125 0.838542 0.052083 0.812500 0.052083
2 0.747396 0.912760 0.773438 0.912760 0.773438 0.886719 0.747396 0.886719
2 0.042969 0.395833 0.069010 0.395833 0.069010 0.369792 0.042969 0.369792
2 0.441406 0.701823 0.467448 0.701823 0.467448 0.675781 0.441406 0.675781
