0 0.024740 0.494792 1.000000 0.479167 1.000000 0.368490 0.036458 0.384115
1 0.367188 0.292969 0.419271 0.292969 0.419271 0.240885 0.367188 0.240885
1 0.522135 0.342448 0.574219 0.342448 0.574219 0.290365 0.522135 0.290365
1 0.186198 0.399740 0.238281 0.399740 0.238281 0.347656 0.186198 0.347656
1 0.239583 0.529948 0.291667 0.529948 0.291667 0.477865 0.239583 0.477865
1 0.891927 0.570312 0.944010 0.570312 0.944010 0.518229 0.891927 0.518229
1 0.529948 0.707031 0.582031 0.707031 0.582031 0.654948 0.529948 0.654948
2 0.940104 0.309896 0.966146 0.309896 0.966146 0.283854 0.940104 0.283854
2 0.559896 0.940104 0.585938 0.940104 0.585938 0.914062 0.559896 0.914062
2 0.029948 0.351562 0.055990 0.351562 0.055990 0.325521 0.029948 0.325521
2 0.523438 0.291667 0.549479 0.291667 0.549479 0.265625 0.523438 0.265625
2 0.714844 0.782552 0.740885 0.782552 0.740885 0.756510 0.714844 0.756510
2 0.704427 0.158854 0.730469 0.158854 0.730469 0.132812 0.704427 0.132812
2 0.032552 0.505208 0.058594 0.505208 0.058594 0.479167 0.032552 0.479167
