0 0.075521 0.996094 0.184896 0.960938 0.153646 0.000000 0.042969 0.000000
1 0.151042 0.170573 0.203125 0.170573 0.203125 0.118490 0.151042 0.118490
1 0.294271 0.636719 0.346354 0.636719 0.346354 0.584635 0.294271 0.584635
1 0.348958 0.660156 0.401042 0.660156 0.401042 0.608073 0.348958 0.608073
1 0.570312 0.339844 0.622396 0.339844 0.622396 0.287760 0.570312 0.287760
1 0.643229 0.963542 0.695312 0.963542 0.695312 0.911458 0.643229 0.911458
1 0.815104 0.619792 0.867188 0.619792 0.867188 0.567708 0.815104 0.567708
1 0.860677 0.382812 0.912760 0.382812 0.912760 0.330729 0.860677 0.330729
1 0.867188 0.670573 0.919271 0.670573 0.919271 0.618490 0.867188 0.618490
2 0.490885 0.212240 0.516927 0.212240 0.516927 0.186198 0.490885 0.186198
2 0.600260 0.417969 0.626302 0.417969 0.626302 0.391927 0.600260 0.391927
2 0.398438 0.579427 0.424479 0.579427 0.424479 0.553385 0.398438 0.553385
2 0.251302 0.871094 0.277344 0.871094 0.277344 0.845052 0.251302 0.845052
2 0.946615 0.614583 0.972656 0.614583 0.972656 0.588542 0.946615 0.588542
