0 0.851562 0.992188 0.962240 0.994792 0.850260 0.000000 0.739583 0.000000
1 0.000000 0.082031 0.031250 0.082031 0.031250 0.029948 0.000000 0.029948
1 0.117188 0.617188 0.169271 0.617188 0.169271 0.565104 0.117188 0.565104
1 0.265625 0.785156 0.317708 0.785156 0.317708 0.733073 0.265625 0.733073
1 0.376302 0.825521 0.428385 0.825521 0.428385 0.773438 0.376302 0.773438
1 0.582031 0.565104 0.634115 0.565104 0.634115 0.513021 0.582031 0.513021
1 0.765625 0.781250 0.817708 0.781250 0.817708 0.729167 0.765625 0.729167
1 0.738281 0.311198 0.790365 0.311198 0.790365 0.259115 0.738281 0.259115
1 0.906250 0.423177 0.958333 0.423177 0.958333 0.371094 0.906250 0.371094
2 0.878906 0.166667 0.904948 0.166667 0.904948 0.140625 0.878906 0.140625
2 0.885417 0.218750 0.911458 0.218750 0.911458 0.192708 0.885417 0.192708
2 0.210938 0.740885 0.236979 0.740885 0.236979 0.714844 0.210938 0.714844
2 0.247396 0.839844 0.273438 0.839844 0.273438 0.813802 0.247396 0.813802
