0 0.022135 0.763021 1.000000 0.795573 1.000000 0.684896 0.016927 0.652344
1 0.354167 0.993490 0.406250 0.993490 0.406250 0.941406 0.354167 0.941406
1 0.386719 0.860677 0.438802 0.860677 0.438802 0.808594 0.386719 0.808594
1 0.597656 0.713542 0.649740 0.713542 0.649740 0.661458 0.597656 0.661458
1 0.477865 0.424479 0.529948 0.424479 0.529948 0.372396 0.477865 0.372396
1 0.639323 0.272135 0.691406 0.272135 0.691406 0.220052 0.639323 0.220052
2 0.776042 0.092448 0.802083 0.092448 0.802083 0.066406 0.776042 0.066406
2 0.484375 0.996094 0.510417 0.996094 0.510417 0.970052 0.484375 0.970052
2 0.414062 0.734375 0.440104 0.734375 0.440104 0.708333 0.414062 0.708333
2 0.117188 0.305990 0.143229 0.305990 0.143229 0.279948 0.117188 0.279948
2 0.410156 0.082031 0.436198 0.082031 0.436198 0.055990 0.410156 0.055990
2 0.295573 0.364583 0.321615 0.364583 0.321615 0.338542 0.295573 0.338542
2 0.859375 0.696615 0.885417 0.696615 0.885417 0.670573 0.859375 0.670573
