0 0.619792 0.989583 0.730469 0.986979 0.826823 0.000000 0.716146 0.000000
1 0.957031 0.414062 1.000000 0.414062 1.000000 0.361979 0.957031 0.361979
1 0.902344 0.148438 0.954427 0.148438 0.954427 0.096354 0.902344 0.096354
1 0.709635 0.548177 0.761719 0.548177 0.761719 0.496094 0.709635 0.496094
1 0.441406 0.601562 0.493490 0.601562 0.493490 0.549479 0.441406 0.549479
1 0.369792 0.514323 0.421875 0.514323 0.421875 0.462240 0.369792 0.462240
1 0.278646 0.376302 0.330729 0.376302 0.330729 0.324219 0.278646 0.324219
1 0.269531 0.477865 0.321615 0.477865 0.321615 0.425781 0.269531 0.425781
2 0.292969 0.218750 0.319010 0.218750 0.319010 0.192708 0.292969 0.192708
2 0.923177 0.462240 0.949219 0.462240 0.949219 0.436198 0.923177 0.436198
2 0.391927 0.279948 0.417969 0.279948 0.417969 0.253906 0.391927 0.253906
2 0.774740 0.371094 0.800781 0.371094 0.800781 0.345052 0.774740 0.345052
2 0.502604 0.761719 0.528646 0.761719 0.528646 0.735677 0.502604 0.735677
2 0.660156 0.227865 0.686198 0.227865 0.686198 0.201823 0.660156 0.201823
2 0.085938 0.750000 0.111979 0.750000 0.111979 0.723958 0.085938 0.723958
