0 0.123698 1.000000 0.234375 1.000000 0.347656 0.007812 0.236979 0.009115
1 0.006510 0.028646 0.058594 0.028646 0.058594 0.001302 0.006510 0.001302
1 0.023438 0.319010 0.075521 0.319010 0.075521 0.266927 0.023438 0.266927
1 0.096354 0.851562 0.148438 0.851562 0.148438 0.799479 0.096354 0.799479
1 0.315104 0.769531 0.367188 0.769531 0.367188 0.717448 0.315104 0.717448
1 0.384115 0.386719 0.436198 0.386719 0.436198 0.334635 0.384115 0.334635
1 0.391927 0.542969 0.444010 0.542969 0.444010 0.490885 0.391927 0.490885
1 0.691406 0.680990 0.743490 0.680990 0.743490 0.628906 0.691406 0.628906
1 0.876302 0.204427 0.928385 0.204427 0.928385 0.152344 0.876302 0.152344
2 0.876302 0.885417 0.902344 0.885417 0.902344 0.859375 0.876302 0.859375
2 0.576823 0.302083 0.602865 0.302083 0.602865 0.276042 0.576823 0.276042
2 0.937500 0.815104 0.963542 0.815104 0.963542 0.789062 0.937500 0.789062
2 0.110677 0.247396 0.136719 0.247396 0.136719 0.221354 0.110677 0.221354
2 0.493490 0.554688 0.519531 0.554688 0.519531 0.528646 0.493490 0.528646
2 0.498698 0.527344 0.524740 0.527344 0.524740 0.501302 0.498698 0.501302
2 0.023438 0.787760 0.049479 0.787760 0.049479 0.761719 0.023438 0.761719
2 0.523438 0.529948 0.549479 0.529948 0.549479 0.503906 0.523438 0.503906
