0 0.019531 0.205729 1.000000 0.157552 1.000000 0.046875 0.023437 0.095052
1 0.575521 0.467448 0.627604 0.467448 0.627604 0.415365 0.575521 0.415365
1 0.446615 0.475260 0.498698 0.475260 0.498698 0.423177 0.446615 0.423177
1 0.066406 0.701823 0.118490 0.701823 0.118490 0.649740 0.066406 0.649740
1 0.305990 0.792969 0.358073 0.792969 0.358073 0.740885 0.305990 0.740885
1 0.285156 0.898438 0.337240 0.898438 0.337240 0.846354 0.285156 0.846354
2 0.045573 0.782552 0.071615 0.782552 0.071615 0.756510 0.045573 0.756510
2 0.910156 0.373698 0.936198 0.373698 0.936198 0.347656 0.910156 0.347656
2 0.839844 0.535156 0.865885 0.535156 0.865885 0.509115 0.839844 0.509115
2 0.930990 0.243490 0.957031 0.243490 0.957031 0.217448 0.930990 0.217448
2 0.774740 0.796875 0.800781 0.796875 0.800781 0.770833 0.774740 0.770833
