0 0.007812 0.236979 1.000000 0.324219 1.000000 0.213542 0.006510 0.126302
1 0.675781 0.911458 0.727865 0.911458 0.727865 0.859375 0.675781 0.859375
1 0.447917 0.838542 0.500000 0.838542 0.500000 0.786458 0.447917 0.786458
1 0.373698 0.778646 0.425781 0.778646 0.425781 0.726562 0.373698 0.726562
1 0.621094 0.644531 0.673177 0.644531 0.673177 0.592448 0.621094 0.592448
2 0.434896 0.679688 0.460938 0.679688 0.460938 0.653646 0.434896 0.653646
2 0.449219 0.811198 0.475260 0.811198 0.475260 0.785156 0.449219 0.785156
2 0.809896 0.580729 0.835938 0.580729 0.835938 0.554688 0.809896 0.554688
2 0.830729 0.033854 0.856771 0.033854 0.856771 0.007812 0.830729 0.007812
2 0.123698 0.652344 0.149740 0.652344 0.149740 0.626302 0.123698 0.626302
