0 0.121094 1.000000 0.231771 1.000000 0.328125 0.002604 0.217448 0.003906
1 0.223958 0.397135 0.276042 0.397135 0.276042 0.345052 0.223958 0.345052
1 0.596354 0.328125 0.648438 0.328125 0.648438 0.276042 0.596354 0.276042
1 0.712240 0.210938 0.764323 0.210938 0.764323 0.158854 0.712240 0.158854
1 0.838542 0.536458 0.890625 0.536458 0.890625 0.484375 0.838542 0.484375
2 0.536458 0.399740 0.562500 0.399740 0.562500 0.373698 0.536458 0.373698
2 0.537760 0.373698 0.563802 0.373698 0.563802 0.347656 0.537760 0.347656
2 0.026042 0.822917 0.052083 0.822917 0.052083 0.796875 0.026042 0.796875
2 0.183594 0.811198 0.209635 0.811198 0.209635 0.785156 0.183594 0.785156
2 0.795573 0.139323 0.821615 0.139323 0.821615 0.113281 0.795573 0.113281
2 0.847656 0.430990 0.873698 0.430990 0.873698 0.404948 0.847656 0.404948
