0 0.403646 1.000000 0.514323 1.000000 0.565104 0.019531 0.454427 0.022135
1 0.415365 0.105469 0.467448 0.105469 0.467448 0.053385 0.415365 0.053385
1 0.639323 0.351562 0.691406 0.351562 0.691406 0.299479 0.639323 0.299479
1 0.736979 0.984375 0.789062 0.984375 0.789062 0.932292 0.736979 0.932292
1 0.750000 0.697917 0.802083 0.697917 0.802083 0.645833 0.750000 0.645833
1 0.760417 0.515625 0.812500 0.515625 0.812500 0.463542 0.760417 0.463542
1 0.919271 0.470052 0.971354 0.470052 0.971354 0.417969 0.919271 0.417969
2 0.757812 0.540365 0.783854 0.540365 0.783854 0.514323 0.757812 0.514323
2 0.725260 0.669271 0.751302 0.669271 0.751302 0.643229 0.725260 0.643229
2 0.854167 0.205729 0.880208 0.205729 0.880208 0.179688 0.854167 0.179688
2 0.730469 0.565104 0.756510 0.565104 0.756510 0.539062 0.730469 0.539062
2 0.686198 0.928385 0.712240 0.928385 0.712240 0.902344 0.686198 0.902344
2 0.128906 0.092448 0.154948 0.092448 0.154948 0.066406 0.128906 0.066406
