0 0.050781 0.634115 1.000000 0.610677 1.000000 0.500000 0.003906 0.524740
1 0.437500 0.110677 0.489583 0.110677 0.489583 0.058594 0.437500 0.058594
1 0.751302 0.126302 0.803385 0.126302 0.803385 0.074219 0.751302 0.074219
1 0.550781 0.472656 0.602865 0.472656 0.602865 0.420573 0.550781 0.420573
1 0.816406 0.673177 0.868490 0.673177 0.868490 0.621094 0.816406 0.621094
1 0.713542 0.677083 0.765625 0.677083 0.765625 0.625000 0.713542 0.625000
1 0.430990 0.864583 0.483073 0.864583 0.483073 0.812500 0.430990 0.812500
2 0.449219 0.500000 0.475260 0.500000 0.475260 0.473958 0.449219 0.473958
2 0.865885 0.542969 0.891927 0.542969 0.891927 0.516927 0.865885 0.516927
2 0.753906 0.153646 0.779948 0.153646 0.779948 0.127604 0.753906 0.127604
