0 0.026042 0.483073 1.000000 0.454427 1.000000 0.343750 0.032552 0.372396
1 0.674479 0.208333 0.726562 0.208333 0.726562 0.156250 0.674479 0.156250
1 0.412760 0.214844 0.464844 0.214844 0.464844 0.162760 0.412760 0.162760
1 0.128906 0.248698 0.180990 0.248698 0.180990 0.196615 0.128906 0.196615
1 0.486979 0.993490 0.539062 0.993490 0.539062 0.941406 0.486979 0.941406
1 0.253906 0.998698 0.305990 0.998698 0.305990 0.947917 0.253906 0.947917
2 0.382812 0.059896 0.408854 0.059896 0.408854 0.033854 0.382812 0.033854
2 0.282552 0.192708 0.308594 0.192708 0.308594 0.166667 0.282552 0.166667
2 0.018229 0.042969 0.044271 0.042969 0.044271 0.016927 0.018229 0.016927
2 0.617188 0.911458 0.643229 0.911458 0.643229 0.885417 0.617188 0.885417
2 0.412760 0.214844 0.438802 0.214844 0.438802 0.188802 0.412760 0.188802
2 0.404948 0.867188 0.430990 0.867188 0.430990 0.841146 0.404948 0.841146
2 0.680990 0.416667 0.707031 0.416667 0.707031 0.390625 0.680990 0.390625
