0 0.002604 0.402344 1.000000 0.477865 1.000000 0.367188 0.018229 0.292969
1 0.856771 0.998698 0.908854 0.998698 0.908854 0.946615 0.856771 0.946615
1 0.347656 0.832031 0.399740 0.832031 0.399740 0.779948 0.347656 0.779948
1 0.947917 0.485677 1.000000 0.485677 1.000000 0.433594 0.947917 0.433594
1 0.415365 0.286458 0.467448 0.286458 0.467448 0.234375 0.415365 0.234375
1 0.467448 0.265625 0.519531 0.265625 0.519531 0.213542 0.467448 0.213542
1 0.055990 0.180990 0.108073 0.180990 0.108073 0.128906 0.055990 0.128906
1 0.003906 0.177083 0.055990 0.177083 0.055990 0.125000 0.003906 0.125000
1 0.526042 0.191406 0.578125 0.191406 0.578125 0.139323 0.526042 0.139323
2 0.507812 0.764323 0.533854 0.764323 0.533854 0.738281 0.507812 0.738281
2 0.640625 0.380208 0.666667 0.380208 0.666667 0.354167 0.640625 0.354167
2 0.471354 0.552083 0.497396 0.552083 0.497396 0.526042 0.471354 0.526042
2 0.877604 0.373698 0.903646 0.373698 0.903646 0.347656 0.877604 0.347656
2 0.292969 0.145833 0.319010 0.145833 0.319010 0.119792 0.292969 0.119792
2 0.822917 0.394531 0.848958 0.394531 0.848958 0.368490 0.822917 0.368490
2 0.697917 0.674479 0.723958 0.674479 0.723958 0.648438 0.697917 0.648438
