0 0.119792 0.997396 0.230469 0.998698 0.071615 0.000000 0.000000 0.242188
1 0.321615 0.891927 0.373698 0.891927 0.373698 0.839844 0.321615 0.839844
1 0.888021 0.988281 0.940104 0.988281 0.940104 0.936198 0.888021 0.936198
1 0.869792 0.541667 0.921875 0.541667 0.921875 0.489583 0.869792 0.489583
2 0.161458 0.208333 0.187500 0.208333 0.187500 0.182292 0.161458 0.182292
2 0.970052 0.160156 0.996094 0.160156 0.996094 0.134115 0.970052 0.134115
2 0.221354 0.592448 0.247396 0.592448 0.247396 0.566406 0.221354 0.566406
2 0.481771 0.236979 0.507812 0.236979 0.507812 0.210938 0.481771 0.210938
2 0.277344 0.769531 0.303385 0.769531 0.303385 0.743490 0.277344 0.743490
2 0.515625 0.783854 0.541667 0.783854 0.541667 0.757812 0.515625 0.757812
2 0.916667 0.641927 0.942708 0.641927 0.942708 0.615885 0.916667 0.615885
