0 1.000000 0.164063 1.000000 0.053385 0.694010 0.001302 0.042969 0.001302
1 0.670573 0.930990 0.722656 0.930990 0.722656 0.878906 0.670573 0.878906
1 0.950521 0.368490 1.000000 0.368490 1.000000 0.316406 0.950521 0.316406
1 0.647135 0.132812 0.699219 0.132812 0.699219 0.080729 0.647135 0.080729
1 0.575521 0.093750 0.627604 0.093750 0.627604 0.041667 0.575521 0.041667
1 0.291667 0.046875 0.343750 0.046875 0.343750 0.001302 0.291667 0.001302
2 0.350260 0.769531 0.376302 0.769531 0.376302 0.743490 0.350260 0.743490
2 0.575521 0.540365 0.601562 0.540365 0.601562 0.514323 0.575521 0.514323
2 0.895833 0.515625 0.921875 0.515625 0.921875 0.489583 0.895833 0.489583
2 0.048177 0.691406 0.074219 0.691406 0.074219 0.665365 0.048177 0.665365
2 0.822917 0.795573 0.848958 0.795573 0.848958 0.769531 0.822917 0.769531
2 0.817708 0.977865 0.843750 0.977865 0.843750 0.951823 0.817708 0.951823
2 0.839844 0.850260 0.865885 0.850260 0.865885 0.824219 0.839844 0.824219
