0 0.002604 0.589844 0.002604 0.700521 1.000000 0.535156 1.000000 0.424479
1 0.230469 0.170573 0.282552 0.170573 0.282552 0.118490 0.230469 0.118490
1 0.247396 0.272135 0.299479 0.272135 0.299479 0.220052 0.247396 0.220052
1 0.847656 0.700521 0.899740 0.700521 0.899740 0.648437 0.847656 0.648438
1 0.106771 0.998698 0.158854 0.998698 0.158854 0.955729 0.106771 0.955729
1 0.821615 0.998698 0.873698 0.998698 0.873698 0.970052 0.821615 0.970052
2 0.582031 0.852865 0.608073 0.852865 0.608073 0.826823 0.582031 0.826823
2 0.292969 0.691406 0.319010 0.691406 0.319010 0.665365 0.292969 0.665365
2 0.430990 0.085938 0.457031 0.085938 0.457031 0.059896 0.430990 0.059896
2 0.783854 0.317708 0.809896 0.317708 0.809896 0.291667 0.783854 0.291667
2 0.261719 0.669271 0.287760 0.669271 0.287760 0.643229 0.261719 0.643229
2 0.234375 0.330729 0.260417 0.330729 0.260417 0.304688 0.234375 0.304688
2 0.895833 0.194010 0.921875 0.194010 0.921875 0.167969 0.895833 0.167969
2 0.062500 0.886719 0.088542 0.886719 0.088542 0.860677 0.062500 0.860677
