0 0.000000 0.315104 0.983073 0.347656 0.977865 0.236979 0.000000 0.204427
1 0.593750 0.058594 0.645833 0.058594 0.645833 0.006510 0.593750 0.006510
1 0.561198 0.191406 0.613281 0.191406 0.613281 0.139323 0.561198 0.139323
1 0.350260 0.338542 0.402344 0.338542 0.402344 0.286458 0.350260 0.286458
1 0.470052 0.627604 0.522135 0.627604 0.522135 0.575521 0.470052 0.575521
1 0.308594 0.779948 0.360677 0.779948 0.360677 0.727865 0.308594 0.727865
2 0.197917 0.933594 0.223958 0.933594 0.223958 0.907552 0.197917 0.907552
2 0.489583 0.029948 0.515625 0.029948 0.515625 0.003906 0.489583 0.003906
2 0.559896 0.291667 0.585938 0.291667 0.585938 0.265625 0.559896 0.265625
2 0.856771 0.720052 0.882812 0.720052 0.882812 0.694010 0.856771 0.694010
2 0.563802 0.944010 0.589844 0.944010 0.589844 0.917969 0.563802 0.917969
2 0.678385 0.661458 0.704427 0.661458 0.704427 0.635417 0.678385 0.635417
2 0.114583 0.329427 0.140625 0.329427 0.140625 0.303385 0.114583 0.303385
