0 0.000000 0.856771 0.994792 0.772135 0.997396 0.661458 0.000000 0.746094
1 0.196615 0.968750 0.248698 0.968750 0.248698 0.916667 0.196615 0.916667
1 0.937500 0.748698 0.989583 0.748698 0.989583 0.696615 0.937500 0.696615
1 0.850260 0.652344 0.902344 0.652344 0.902344 0.600260 0.850260 0.600260
1 0.841146 0.546875 0.893229 0.546875 0.893229 0.494792 0.841146 0.494792
1 0.832031 0.445312 0.884115 0.445312 0.884115 0.393229 0.832031 0.393229
1 0.488281 0.394531 0.540365 0.394531 0.540365 0.342448 0.488281 0.342448
1 0.432292 0.059896 0.484375 0.059896 0.484375 0.007812 0.432292 0.007812
2 0.540365 0.679688 0.566406 0.679688 0.566406 0.653646 0.540365 0.653646
2 0.708333 0.195312 0.734375 0.195312 0.734375 0.169271 0.708333 0.169271
2 0.921875 0.253906 0.947917 0.253906 0.947917 0.227865 0.921875 0.227865
2 0.006510 0.540365 0.032552 0.540365 0.032552 0.514323 0.006510 0.514323
