0 0.000000 0.332031 0.992188 0.256510 0.993490 0.145833 0.000000 0.221354
1 0.173177 0.705729 0.225260 0.705729 0.225260 0.653646 0.173177 0.653646
1 0.726562 0.428385 0.778646 0.428385 0.778646 0.376302 0.726562 0.376302
1 0.820312 0.265625 0.872396 0.265625 0.872396 0.213542 0.820312 0.213542
1 0.320312 0.223958 0.372396 0.223958 0.372396 0.171875 0.320312 0.171875
1 0.214844 0.207031 0.266927 0.207031 0.266927 0.154948 0.214844 0.154948
2 0.611979 0.621094 0.638021 0.621094 0.638021 0.595052 0.611979 0.595052
2 0.628906 0.149740 0.654948 0.149740 0.654948 0.123698 0.628906 0.123698
2 0.859375 0.079427 0.885417 0.079427 0.885417 0.053385 0.859375 0.053385
2 0.869792 0.575521 0.895833 0.575521 0.895833 0.549479 0.869792 0.549479
2 0.792969 0.947917 0.819010 0.947917 0.819010 0.921875 0.792969 0.921875
