0 0.386719 1.000000 0.497396 1.000000 0.398438 0.002604 0.287760 0.001302
1 0.875000 0.880208 0.927083 0.880208 0.927083 0.828125 0.875000 0.828125
1 0.855469 0.673177 0.907552 0.673177 0.907552 0.621094 0.855469 0.621094
1 0.787760 0.522135 0.839844 0.522135 0.839844 0.470052 0.787760 0.470052
1 0.736979 0.264323 0.789062 0.264323 0.789062 0.212240 0.736979 0.212240
1 0.541667 0.938802 0.593750 0.938802 0.593750 0.886719 0.541667 0.886719
1 0.522135 0.731771 0.574219 0.731771 0.574219 0.679688 0.522135 0.679688
1 0.472656 0.764323 0.524740 0.764323 0.524740 0.712240 0.472656 0.712240
1 0.315104 0.227865 0.367188 0.227865 0.367188 0.175781 0.315104 0.175781
2 0.186198 0.764323 0.212240 0.764323 0.212240 0.738281 0.186198 0.738281
2 0.268229 0.026042 0.294271 0.026042 0.294271 0.001302 0.268229 0.001302
2 0.554688 0.808594 0.580729 0.808594 0.580729 0.782552 0.554688 0.782552
2 0.838542 0.230469 0.864583 0.230469 0.864583 0.204427 0.838542 0.204427
2 0.243490 0.289062 0.269531 0.289062 0.269531 0.263021 0.243490 0.263021
2 0.535156 0.860677 0.561198 0.860677 0.561198 0.834635 0.535156 0.834635
2 0.914062 0.720052 0.940104 0.720052 0.940104 0.694010 0.914062 0.694010
