0 0.994792 0.458333 0.993490 0.347656 0.000000 0.191406 0.000000 0.302083
1 0.015625 0.243490 0.067708 0.243490 0.067708 0.191406 0.015625 0.191406
1 0.500000 0.529948 0.552083 0.529948 0.552083 0.477865 0.500000 0.477865
1 0.730469 0.565104 0.782552 0.565104 0.782552 0.513021 0.730469 0.513021
1 0.264323 0.518229 0.316406 0.518229 0.316406 0.466146 0.264323 0.466146
1 0.436198 0.600260 0.488281 0.600260 0.488281 0.548177 0.436198 0.548177
1 0.273438 0.626302 0.325521 0.626302 0.325521 0.574219 0.273438 0.574219
1 0.283854 0.733073 0.335938 0.733073 0.335938 0.680990 0.283854 0.680990
1 0.562500 0.802083 0.614583 0.802083 0.614583 0.750000 0.562500 0.750000
2 0.134115 0.496094 0.160156 0.496094 0.160156 0.470052 0.134115 0.470052
2 0.236979 0.170573 0.263021 0.170573 0.263021 0.144531 0.236979 0.144531
2 0.233073 0.855469 0.259115 0.855469 0.259115 0.829427 0.233073 0.829427
2 0.450521 0.652344 0.476562 0.652344 0.476562 0.626302 0.450521 0.626302
2 0.154948 0.184896 0.180990 0.184896 0.180990 0.158854 0.154948 0.158854
2 0.729167 0.562500 0.755208 0.562500 0.755208 0.536458 0.729167 0.536458
2 0.361979 0.373698 0.388021 0.373698 0.388021 0.347656 0.361979 0.347656
