0 0.006510 0.347656 0.005208 0.458333 1.000000 0.302083 1.000000 0.191406
1 0.932292 0.243490 0.984375 0.243490 0.984375 0.191406 0.932292 0.191406
1 0.447917 0.529948 0.500000 0.529948 0.500000 0.477865 0.447917 0.477865
1 0.217448 0.565104 0.269531 0.565104 0.269531 0.513021 0.217448 0.513021
1 0.683594 0.518229 0.735677 0.518229 0.735677 0.466146 0.683594 0.466146
1 0.511719 0.600260 0.563802 0.600260 0.563802 0.548177 0.511719 0.548177
1 0.674479 0.626302 0.726562 0.626302 0.726562 0.574219 0.674479 0.574219
1 0.664062 0.733073 0.716146 0.733073 0.716146 0.680990 0.664062 0.680990
1 0.385417 0.802083 0.437500 0.802083 0.437500 0.750000 0.385417 0.750000
2 0.839844 0.496094 0.865885 0.496094 0.865885 0.470052 0.839844 0.470052
2 0.736979 0.170573 0.763021 0.170573 0.763021 0.144531 0.736979 0.144531
2 0.740885 0.855469 0.766927 0.855469 0.766927 0.829427 0.740885 0.829427
2 0.523438 0.652344 0.549479 0.652344 0.549479 0.626302 0.523438 0.626302
2 0.819010 0.184896 0.845052 0.184896 0.845052 0.158854 0.819010 0.158854
2 0.244792 0.562500 0.270833 0.562500 0.270833 0.536458 0.244792 0.536458
2 0.611979 0.373698 0.638021 0.373698 0.638021 0.347656 0.611979 0.347656
