0 0.817708 0.988281 0.928385 0.985677 1.000000 0.162760 0.904948 0.000000
1 0.936198 0.643229 0.988281 0.643229 0.988281 0.591146 0.936198 0.591146
1 0.391927 0.884115 0.444010 0.884115 0.444010 0.832031 0.391927 0.832031
1 0.044271 0.958333 0.096354 0.958333 0.096354 0.906250 0.044271 0.906250
1 0.035156 0.773438 0.087240 0.773438 0.087240 0.721354 0.035156 0.721354
1 0.001302 0.847656 0.027344 0.847656 0.027344 0.795573 0.001302 0.795573
2 0.717448 0.126302 0.743490 0.126302 0.743490 0.100260 0.717448 0.100260
2 0.462240 0.341146 0.488281 0.341146 0.488281 0.315104 0.462240 0.315104
2 0.027344 0.250000 0.053385 0.250000 0.053385 0.223958 0.027344 0.223958
2 0.484375 0.682292 0.510417 0.682292 0.510417 0.656250 0.484375 0.656250
2 0.569010 0.035156 0.595052 0.035156 0.595052 0.009115 0.569010 0.009115
