0 0.000000 0.207031 0.941406 0.218750 0.925781 0.108073 0.000000 0.096354
1 0.290365 0.445312 0.342448 0.445312 0.342448 0.393229 0.290365 0.393229
1 0.683594 0.449219 0.735677 0.449219 0.735677 0.397135 0.683594 0.397135
1 0.549479 0.709635 0.601562 0.709635 0.601562 0.657552 0.549479 0.657552
1 0.053385 0.781250 0.105469 0.781250 0.105469 0.729167 0.053385 0.729167
1 0.781250 0.841146 0.833333 0.841146 0.833333 0.789062 0.781250 0.789062
1 0.052083 0.858073 0.104167 0.858073 0.104167 0.805990 0.052083 0.805990
1 0.183594 0.859375 0.235677 0.859375 0.235677 0.807292 0.183594 0.807292
1 0.755208 0.998698 0.807292 0.998698 0.807292 0.971354 0.755208 0.971354
2 0.756510 0.735677 0.782552 0.735677 0.782552 0.709635 0.756510 0.709635
2 0.085938 0.180990 0.111979 0.180990 0.111979 0.154948 0.085938 0.154948
2 0.891927 0.425781 0.917969 0.425781 0.917969 0.399740 0.891927 0.399740
2 0.316406 0.445312 0.342448 0.445312 0.342448 0.419271 0.316406 0.419271
2 0.058594 0.467448 0.084635 0.467448 0.084635 0.441406 0.058594 0.441406
2 0.761719 0.398438 0.787760 0.398438 0.787760 0.372396 0.761719 0.372396
