0 0.000000 0.697917 0.000000 0.808594 0.993490 0.652344 0.994792 0.541667
1 0.015625 0.808594 0.067708 0.808594 0.067708 0.756510 0.015625 0.756510
1 0.500000 0.522135 0.552083 0.522135 0.552083 0.470052 0.500000 0.470052
1 0.730469 0.486979 0.782552 0.486979 0.782552 0.434896 0.730469 0.434896
1 0.264323 0.533854 0.316406 0.533854 0.316406 0.481771 0.264323 0.481771
1 0.436198 0.451823 0.488281 0.451823 0.488281 0.399740 0.436198 0.399740
1 0.273438 0.425781 0.325521 0.425781 0.325521 0.373698 0.273438 0.373698
1 0.283854 0.319010 0.335938 0.319010 0.335938 0.266927 0.283854 0.266927
1 0.562500 0.250000 0.614583 0.250000 0.614583 0.197917 0.562500 0.197917
2 0.134115 0.529948 0.160156 0.529948 0.160156 0.503906 0.134115 0.503906
2 0.236979 0.855469 0.263021 0.855469 0.263021 0.829427 0.236979 0.829427
2 0.233073 0.170573 0.259115 0.170573 0.259115 0.144531 0.233073 0.144531
2 0.450521 0.373698 0.476562 0.373698 0.476562 0.347656 0.450521 0.347656
2 0.154948 0.841146 0.180990 0.841146 0.180990 0.815104 0.154948 0.815104
2 0.729167 0.463542 0.755208 0.463542 0.755208 0.437500 0.729167 0.437500
2 0.361979 0.652344 0.388021 0.652344 0.388021 0.626302 0.361979 0.626302
