0 0.536458 0.944010 0.647135 0.920573 0.654948 0.000000 0.544271 0.000000
1 0.786458 0.684896 0.838542 0.684896 0.838542 0.632812 0.786458 0.632812
1 0.756510 0.998698 0.808594 0.998698 0.808594 0.970052 0.756510 0.970052
1 0.710938 0.213542 0.763021 0.213542 0.763021 0.161458 0.710938 0.161458
1 0.634115 0.239583 0.686198 0.239583 0.686198 0.187500 0.634115 0.187500
1 0.110677 0.468750 0.162760 0.468750 0.162760 0.416667 0.110677 0.416667
1 0.109375 0.522135 0.161458 0.522135 0.161458 0.470052 0.109375 0.470052
2 0.653646 0.708333 0.679688 0.708333 0.679688 0.682292 0.653646 0.682292
2 0.785156 0.631510 0.811198 0.631510 0.811198 0.605469 0.785156 0.605469
2 0.656250 0.553385 0.682292 0.553385 0.682292 0.527344 0.656250 0.527344
2 0.476562 0.447917 0.502604 0.447917 0.502604 0.421875 0.476562 0.421875
2 0.765625 0.136719 0.791667 0.136719 0.791667 0.110677 0.765625 0.110677
