0 0.148438 0.998698 0.257813 0.985677 0.167969 0.000000 0.057292 0.000000
1 0.061198 0.902344 0.113281 0.902344 0.113281 0.850260 0.061198 0.850260
1 0.160156 0.239583 0.212240 0.239583 0.212240 0.187500 0.160156 0.187500
1 0.429688 0.895833 0.481771 0.895833 0.481771 0.843750 0.429688 0.843750
1 0.430990 0.346354 0.483073 0.346354 0.483073 0.294271 0.430990 0.294271
1 0.574219 0.201823 0.626302 0.201823 0.626302 0.149740 0.574219 0.149740
1 0.865885 0.229167 0.917969 0.229167 0.917969 0.177083 0.865885 0.177083
1 0.901042 0.042969 0.953125 0.042969 0.953125 0.000000 0.901042 0.000000
2 0.132812 0.217448 0.158854 0.217448 0.158854 0.191406 0.132812 0.191406
2 0.304688 0.959635 0.330729 0.959635 0.330729 0.933594 0.304688 0.933594
2 0.001302 0.516927 0.027344 0.516927 0.027344 0.490885 0.001302 0.490885
2 0.687500 0.272135 0.713542 0.272135 0.713542 0.246094 0.687500 0.246094
2 0.812500 0.522135 0.838542 0.522135 0.838542 0.496094 0.812500 0.496094
2 0.774740 0.970052 0.800781 0.970052 0.800781 0.944010 0.774740 0.944010
2 0.484375 0.919271 0.510417 0.919271 0.510417 0.893229 0.484375 0.893229
