0 0.127604 0.951823 0.238281 0.963542 0.221354 0.000000 0.110677 0.000000
1 0.022135 0.037760 0.074219 0.037760 0.074219 0.000000 0.022135 0.000000
1 0.059896 0.713542 0.111979 0.713542 0.111979 0.661458 0.059896 0.661458
1 0.204427 0.035156 0.256510 0.035156 0.256510 0.000000 0.204427 0.000000
1 0.298177 0.945312 0.350260 0.945312 0.350260 0.893229 0.298177 0.893229
1 0.346354 0.683594 0.398438 0.683594 0.398438 0.631510 0.346354 0.631510
1 0.548177 0.341146 0.600260 0.341146 0.600260 0.289062 0.548177 0.289062
2 0.808594 0.311198 0.834635 0.311198 0.834635 0.285156 0.808594 0.285156
2 0.128906 0.063802 0.154948 0.063802 0.154948 0.037760 0.128906 0.037760
2 0.894531 0.805990 0.920573 0.805990 0.920573 0.779948 0.894531 0.779948
2 0.524740 0.498698 0.550781 0.498698 0.550781 0.472656 0.524740 0.472656
2 0.730469 0.287760 0.756510 0.287760 0.756510 0.261719 0.730469 0.261719
2 0.192708 0.868490 0.218750 0.868490 0.218750 0.842448 0.192708 0.842448
2 0.235677 0.321615 0.261719 0.321615 0.261719 0.295573 0.235677 0.295573
