0 0.798177 0.964844 0.907552 0.997396 0.942708 0.000000 0.832031 0.000000
1 0.798177 0.953125 0.850260 0.953125 0.850260 0.901042 0.798177 0.901042
1 0.770833 0.222656 0.822917 0.222656 0.822917 0.170573 0.770833 0.170573
1 0.567708 0.087240 0.619792 0.087240 0.619792 0.035156 0.567708 0.035156
1 0.196615 0.227865 0.248698 0.227865 0.248698 0.175781 0.196615 0.175781
2 0.067708 0.251302 0.093750 0.251302 0.093750 0.225260 0.067708 0.225260
2 0.691406 0.246094 0.717448 0.246094 0.717448 0.220052 0.691406 0.220052
2 0.001302 0.273437 0.014323 0.273437 0.014323 0.247396 0.001302 0.247396
2 0.098958 0.824219 0.125000 0.824219 0.125000 0.798177 0.098958 0.798177
2 0.950521 0.307292 0.976562 0.307292 0.976562 0.281250 0.950521 0.281250
