0 0.000000 0.216146 0.994792 0.304688 0.993490 0.194010 0.000000 0.105469
1 0.109375 0.204427 0.161458 0.204427 0.161458 0.152344 0.109375 0.152344
1 0.000000 0.300781 0.048177 0.300781 0.048177 0.248698 0.000000 0.248698
1 0.000000 0.378906 0.040365 0.378906 0.040365 0.326823 0.000000 0.326823
1 0.098958 0.623698 0.151042 0.623698 0.151042 0.571615 0.098958 0.571615
1 0.196615 0.709635 0.248698 0.709635 0.248698 0.657552 0.196615 0.657552
1 0.398438 0.779948 0.450521 0.779948 0.450521 0.727865 0.398438 0.727865
1 0.283854 0.901042 0.335938 0.901042 0.335938 0.848958 0.283854 0.848958
2 0.520833 0.265625 0.546875 0.265625 0.546875 0.239583 0.520833 0.239583
2 0.739583 0.442708 0.765625 0.442708 0.765625 0.416667 0.739583 0.416667
2 0.868490 0.481771 0.894531 0.481771 0.894531 0.455729 0.868490 0.455729
2 0.121094 0.963542 0.147135 0.963542 0.147135 0.937500 0.121094 0.937500
2 0.144531 0.390625 0.170573 0.390625 0.170573 0.364583 0.144531 0.364583
2 0.809896 0.240885 0.835938 0.240885 0.835938 0.214844 0.809896 0.214844
2 0.800781 0.657552 0.826823 0.657552 0.826823 0.631510 0.800781 0.631510
2 0.381510 0.071615 0.407552 0.071615 0.407552 0.045573 0.381510 0.045573
