0 0.631510 1.000000 0.742188 1.000000 0.657552 0.001302 0.548177 0.014323
1 0.959635 0.069010 1.000000 0.069010 1.000000 0.016927 0.959635 0.016927
1 0.333333 0.407552 0.385417 0.407552 0.385417 0.355469 0.333333 0.355469
1 0.188802 0.236979 0.240885 0.236979 0.240885 0.184896 0.188802 0.184896
2 0.312500 0.125000 0.338542 0.125000 0.338542 0.098958 0.312500 0.098958
2 0.001302 0.671875 0.016927 0.671875 0.016927 0.645833 0.001302 0.645833
2 0.122396 1.000000 0.148438 1.000000 0.148438 0.975260 0.122396 0.975260
2 0.095052 0.977865 0.121094 0.977865 0.121094 0.951823 0.095052 0.951823
2 0.906250 0.674479 0.932292 0.674479 0.932292 0.648438 0.906250 0.648438
2 0.500000 0.187500 0.526042 0.187500 0.526042 0.161458 0.500000 0.161458
2 0.878906 0.023438 0.904948 0.023438 0.904948 0.001302 0.878906 0.001302
2 0.481771 0.291667 0.507812 0.291667 0.507812 0.265625 0.481771 0.265625
