0 0.000000 0.134115 0.981771 0.093750 0.539062 0.001302 0.000000 0.023438
1 0.675781 1.000000 0.727865 1.000000 0.727865 0.962240 0.675781 0.962240
1 0.721354 0.882812 0.773438 0.882812 0.773438 0.830729 0.721354 0.830729
1 0.713542 0.674479 0.765625 0.674479 0.765625 0.622396 0.713542 0.622396
1 0.817708 0.643229 0.869792 0.643229 0.869792 0.591146 0.817708 0.591146
1 0.000000 0.260417 0.046875 0.260417 0.046875 0.208333 0.000000 0.208333
1 0.332031 0.244792 0.384115 0.244792 0.384115 0.192708 0.332031 0.192708
1 0.617188 0.234375 0.669271 0.234375 0.669271 0.182292 0.617188 0.182292
2 0.565104 0.235677 0.591146 0.235677 0.591146 0.209635 0.565104 0.209635
2 0.222656 0.773438 0.248698 0.773438 0.248698 0.747396 0.222656 0.747396
2 0.674479 0.311198 0.700521 0.311198 0.700521 0.285156 0.674479 0.285156
2 0.283854 0.328125 0.309896 0.328125 0.309896 0.302083 0.283854 0.302083
