0 0.742188 1.000000 0.852865 1.000000 0.980469 0.002604 0.869792 0.003906
1 0.049479 0.550781 0.101562 0.550781 0.101562 0.498698 0.049479 0.498698
1 0.108073 0.716146 0.160156 0.716146 0.160156 0.664062 0.108073 0.664062
1 0.286458 0.346354 0.338542 0.346354 0.338542 0.294271 0.286458 0.294271
1 0.319010 0.088542 0.371094 0.088542 0.371094 0.036458 0.319010 0.036458
1 0.354167 0.852865 0.406250 0.852865 0.406250 0.800781 0.354167 0.800781
1 0.600260 0.752604 0.652344 0.752604 0.652344 0.700521 0.600260 0.700521
1 0.916667 0.557292 0.968750 0.557292 0.968750 0.505208 0.916667 0.505208
2 0.716146 0.869792 0.742188 0.869792 0.742188 0.843750 0.716146 0.843750
2 0.615885 0.621094 0.641927 0.621094 0.641927 0.595052 0.615885 0.595052
2 0.707031 0.109375 0.733073 0.109375 0.733073 0.083333 0.707031 0.083333
2 0.658854 0.076823 0.684896 0.076823 0.684896 0.050781 0.658854 0.050781
2 0.204427 0.151042 0.230469 0.151042 0.230469 0.125000 0.204427 0.125000
2 0.807292 0.778646 0.833333 0.778646 0.833333 0.752604 0.807292 0.752604
2 0.830729 0.175781 0.856771 0.175781 0.856771 0.149740 0.830729 0.149740
