0 0.002604 0.994792 0.093750 1.000000 1.000000 0.941406 0.022135 0.885417
1 0.680990 1.000000 0.733073 1.000000 0.733073 0.954427 0.680990 0.954427
1 0.402344 0.889323 0.454427 0.889323 0.454427 0.837240 0.402344 0.837240
1 0.591146 0.769531 0.643229 0.769531 0.643229 0.717448 0.591146 0.717448
1 0.651042 0.640625 0.703125 0.640625 0.703125 0.588542 0.651042 0.588542
1 0.602865 0.561198 0.654948 0.561198 0.654948 0.509115 0.602865 0.509115
1 0.819010 0.442708 0.871094 0.442708 0.871094 0.390625 0.819010 0.390625
1 0.671875 0.277344 0.723958 0.277344 0.723958 0.225260 0.671875 0.225260
2 0.588542 0.794271 0.614583 0.794271 0.614583 0.768229 0.588542 0.768229
2 0.777344 0.699219 0.803385 0.699219 0.803385 0.673177 0.777344 0.673177
2 0.587240 0.376302 0.613281 0.376302 0.613281 0.350260 0.587240 0.350260
2 0.682292 0.067708 0.708333 0.067708 0.708333 0.041667 0.682292 0.041667
2 0.822917 0.805990 0.848958 0.805990 0.848958 0.779948 0.822917 0.779948
2 0.970052 0.997396 0.996094 0.997396 0.996094 0.971354 0.970052 0.971354
2 0.166667 0.899740 0.192708 0.899740 0.192708 0.873698 0.166667 0.873698
