0 0.684896 1.000000 0.795573 1.000000 0.763021 0.022135 0.652344 0.016927
1 0.941406 0.406250 0.993490 0.406250 0.993490 0.354167 0.941406 0.354167
1 0.808594 0.438802 0.860677 0.438802 0.860677 0.386719 0.808594 0.386719
1 0.661458 0.649740 0.713542 0.649740 0.713542 0.597656 0.661458 0.597656
1 0.372396 0.529948 0.424479 0.529948 0.424479 0.477865 0.372396 0.477865
1 0.220052 0.691406 0.272135 0.691406 0.272135 0.639323 0.220052 0.639323
2 0.066406 0.802083 0.092448 0.802083 0.092448 0.776042 0.066406 0.776042
2 0.970052 0.510417 0.996094 0.510417 0.996094 0.484375 0.970052 0.484375
2 0.708333 0.440104 0.734375 0.440104 0.734375 0.414062 0.708333 0.414062
2 0.279948 0.143229 0.305990 0.143229 0.305990 0.117188 0.279948 0.117188
2 0.055990 0.436198 0.082031 0.436198 0.082031 0.410156 0.055990 0.410156
2 0.338542 0.321615 0.364583 0.321615 0.364583 0.295573 0.338542 0.295573
2 0.670573 0.885417 0.696615 0.885417 0.696615 0.859375 0.670573 0.859375
