0 0.128906 1.000000 0.238281 1.000000 0.127604 0.002604 0.018229 0.011719
1 0.959635 0.419271 1.000000 0.419271 1.000000 0.367187 0.959635 0.367187
1 0.842448 0.537760 0.894531 0.537760 0.894531 0.485677 0.842448 0.485677
1 0.842448 0.773438 0.894531 0.773438 0.894531 0.721354 0.842448 0.721354
1 0.813802 0.751302 0.865885 0.751302 0.865885 0.699219 0.813802 0.699219
1 0.778646 0.441406 0.830729 0.441406 0.830729 0.389323 0.778646 0.389323
1 0.390625 0.484375 0.442708 0.484375 0.442708 0.432292 0.390625 0.432292
1 0.204427 0.923177 0.256510 0.923177 0.256510 0.871094 0.204427 0.871094
1 0.125000 0.459635 0.177083 0.459635 0.177083 0.407552 0.125000 0.407552
2 0.053385 0.967448 0.079427 0.967448 0.079427 0.941406 0.053385 0.941406
2 0.462240 0.634115 0.488281 0.634115 0.488281 0.608073 0.462240 0.608073
2 0.785156 0.938802 0.811198 0.938802 0.811198 0.912760 0.785156 0.912760
2 0.095052 0.885417 0.121094 0.885417 0.121094 0.859375 0.095052 0.859375
2 0.346354 0.778646 0.372396 0.778646 0.372396 0.752604 0.346354 0.752604
