0 0.029948 0.852865 1.000000 0.819010 1.000000 0.708333 0.036458 0.742188
1 0.381510 0.138021 0.433594 0.138021 0.433594 0.085938 0.381510 0.085938
1 0.048177 0.255208 0.100260 0.255208 0.100260 0.203125 0.048177 0.203125
1 0.023438 0.333333 0.075521 0.333333 0.075521 0.281250 0.023438 0.281250
1 0.212240 0.455729 0.264323 0.455729 0.264323 0.403646 0.212240 0.403646
1 0.557292 0.626302 0.609375 0.626302 0.609375 0.574219 0.557292 0.574219
1 0.140625 0.667969 0.192708 0.667969 0.192708 0.615885 0.140625 0.615885
1 0.716146 0.725260 0.768229 0.725260 0.768229 0.673177 0.716146 0.673177
2 0.726562 0.256510 0.752604 0.256510 0.752604 0.230469 0.726562 0.230469
2 0.326823 0.036458 0.352865 0.036458 0.352865 0.010417 0.326823 0.010417
2 0.673177 0.986979 0.699219 0.986979 0.699219 0.960938 0.673177 0.960938
2 0.877604 0.095052 0.903646 0.095052 0.903646 0.069010 0.877604 0.069010
