0 0.998698 0.608073 0.998698 0.000000 0.998698 0.000000 0.908854 0.000000
1 0.868490 0.888021 0.920573 0.888021 0.920573 0.835938 0.868490 0.835938
1 0.957031 0.243490 0.998698 0.243490 0.998698 0.191406 0.957031 0.191406
2 0.507812 0.205729 0.533854 0.205729 0.533854 0.179688 0.507812 0.179688
2 0.212240 0.170573 0.238281 0.170573 0.238281 0.144531 0.212240 0.144531
2 0.358073 0.805990 0.384115 0.805990 0.384115 0.779948 0.358073 0.779948
2 0.760417 0.854167 0.786458 0.854167 0.786458 0.828125 0.760417 0.828125
2 0.485677 0.235677 0.511719 0.235677 0.511719 0.209635 0.485677 0.209635
2 0.118490 0.605469 0.144531 0.605469 0.144531 0.579427 0.118490 0.579427
2 0.983073 0.953125 0.998698 0.953125 0.998698 0.927083 0.983073 0.927083
