0 0.000000 0.707031 0.988281 0.769531 0.985677 0.658854 0.000000 0.596354
1 0.312500 0.175781 0.364583 0.175781 0.364583 0.123698 0.312500 0.123698
1 0.832031 0.208333 0.884115 0.208333 0.884115 0.156250 0.832031 0.156250
1 0.959635 0.268229 0.998698 0.268229 0.998698 0.216146 0.959635 0.216146
1 0.436198 0.287760 0.488281 0.287760 0.488281 0.235677 0.436198 0.235677
1 0.872396 0.394531 0.924479 0.394531 0.924479 0.342448 0.872396 0.342448
1 0.946615 0.450521 0.998698 0.450521 0.998698 0.398438 0.946615 0.398438
1 0.476562 0.472656 0.528646 0.472656 0.528646 0.420573 0.476562 0.420573
1 0.105469 0.972656 0.157552 0.972656 0.157552 0.920573 0.105469 0.920573
2 0.983073 0.686198 0.998698 0.686198 0.998698 0.660156 0.983073 0.660156
2 0.050781 0.601562 0.076823 0.601562 0.076823 0.575521 0.050781 0.575521
2 0.309896 0.200521 0.335938 0.200521 0.335938 0.174479 0.309896 0.174479
2 0.522135 0.970052 0.548177 0.970052 0.548177 0.944010 0.522135 0.944010
2 0.632812 0.040365 0.658854 0.040365 0.658854 0.014323 0.632812 0.014323
