0 0.000000 0.998698 0.000000 0.998698 0.539062 0.998698 0.000000 0.927083
1 0.652344 0.156250 0.704427 0.156250 0.704427 0.104167 0.652344 0.104167
1 0.967448 0.565104 0.998698 0.565104 0.998698 0.513021 0.967448 0.513021
1 0.881510 0.606771 0.933594 0.606771 0.933594 0.554688 0.881510 0.554688
1 0.720052 0.635417 0.772135 0.635417 0.772135 0.583333 0.720052 0.583333
1 0.321615 0.688802 0.373698 0.688802 0.373698 0.636719 0.321615 0.636719
1 0.365885 0.747396 0.417969 0.747396 0.417969 0.695312 0.365885 0.695312
2 0.221354 0.437500 0.247396 0.437500 0.247396 0.411458 0.221354 0.411458
2 0.345052 0.901042 0.371094 0.901042 0.371094 0.875000 0.345052 0.875000
2 0.572917 0.354167 0.598958 0.354167 0.598958 0.328125 0.572917 0.328125
2 0.026042 0.911458 0.052083 0.911458 0.052083 0.885417 0.026042 0.885417
