0 0.015625 0.257812 1.000000 0.337240 1.000000 0.226563 0.013021 0.147135
1 0.002604 0.566406 0.054688 0.566406 0.054688 0.514323 0.002604 0.514323
1 0.369792 0.544271 0.421875 0.544271 0.421875 0.492188 0.369792 0.492188
1 0.712240 0.493490 0.764323 0.493490 0.764323 0.441406 0.712240 0.441406
1 0.641927 0.410156 0.694010 0.410156 0.694010 0.358073 0.641927 0.358073
1 0.888021 0.247396 0.940104 0.247396 0.940104 0.195313 0.888021 0.195313
1 0.223958 0.062500 0.276042 0.062500 0.276042 0.010417 0.223958 0.010417
2 0.565104 0.688802 0.591146 0.688802 0.591146 0.662760 0.565104 0.662760
2 0.696615 0.674479 0.722656 0.674479 0.722656 0.648438 0.696615 0.648438
2 0.235677 0.558594 0.261719 0.558594 0.261719 0.532552 0.235677 0.532552
2 0.522135 0.240885 0.548177 0.240885 0.548177 0.214844 0.522135 0.214844
2 0.695312 0.020833 0.721354 0.020833 0.721354 0.001302 0.695312 0.001302
2 0.160156 0.526042 0.186198 0.526042 0.186198 0.500000 0.160156 0.500000
2 0.958333 0.328125 0.984375 0.328125 0.984375 0.302083 0.958333 0.302083
