0 0.000000 0.795573 0.000000 0.906250 0.996094 0.738281 0.997396 0.627604
1 0.627604 0.817708 0.679688 0.817708 0.679688 0.765625 0.627604 0.765625
1 0.208333 0.675781 0.260417 0.675781 0.260417 0.623698 0.208333 0.623698
1 0.808594 0.470052 0.860677 0.470052 0.860677 0.417969 0.808594 0.417969
1 0.696615 0.437500 0.748698 0.437500 0.748698 0.385417 0.696615 0.385417
1 0.018229 0.497396 0.070312 0.497396 0.070312 0.445313 0.018229 0.445313
1 0.167969 0.287760 0.220052 0.287760 0.220052 0.235677 0.167969 0.235677
1 0.536458 0.119792 0.588542 0.119792 0.588542 0.067708 0.536458 0.067708
2 0.600260 0.480469 0.626302 0.480469 0.626302 0.454427 0.600260 0.454427
2 0.295573 0.875000 0.321615 0.875000 0.321615 0.848958 0.295573 0.848958
2 0.697917 0.596354 0.723958 0.596354 0.723958 0.570312 0.697917 0.570312
2 0.782552 0.477865 0.808594 0.477865 0.808594 0.451823 0.782552 0.451823
2 0.876302 0.408854 0.902344 0.408854 0.902344 0.382812 0.876302 0.382812
2 0.919271 0.347656 0.945312 0.347656 0.945312 0.321615 0.919271 0.321615
2 0.341146 0.523438 0.367188 0.523438 0.367188 0.497396 0.341146 0.497396
2 0.274740 0.904948 0.300781 0.904948 0.300781 0.878906 0.274740 0.878906
