0 0.934896 1.000000 0.998698 1.000000 0.998698 1.000000 0.998698 0.111979
1 0.023438 0.990885 0.075521 0.990885 0.075521 0.938802 0.023438 0.938802
1 0.259115 0.250000 0.311198 0.250000 0.311198 0.197917 0.259115 0.197917
1 0.364583 0.596354 0.416667 0.596354 0.416667 0.544271 0.364583 0.544271
1 0.580729 0.847656 0.632812 0.847656 0.632812 0.795573 0.580729 0.795573
1 0.664062 0.408854 0.716146 0.408854 0.716146 0.356771 0.664062 0.356771
1 0.723958 0.674479 0.776042 0.674479 0.776042 0.622396 0.723958 0.622396
2 0.072917 0.287760 0.098958 0.287760 0.098958 0.261719 0.072917 0.261719
2 0.730469 0.205729 0.756510 0.205729 0.756510 0.179688 0.730469 0.179688
2 0.583333 0.454427 0.609375 0.454427 0.609375 0.428385 0.583333 0.428385
2 0.837240 0.527344 0.863281 0.527344 0.863281 0.501302 0.837240 0.501302
2 0.920573 0.479167 0.946615 0.479167 0.946615 0.453125 0.920573 0.453125
2 0.765625 0.442708 0.791667 0.442708 0.791667 0.416667 0.765625 0.416667
2 0.575521 0.167969 0.601562 0.167969 0.601562 0.141927 0.575521 0.141927
2 0.052083 0.574219 0.078125 0.574219 0.078125 0.548177 0.052083 0.548177
