0 0.578125 0.971354 0.688802 0.984375 0.671875 0.000000 0.562500 0.000000
1 0.000000 0.507812 0.031250 0.507812 0.031250 0.455729 0.000000 0.455729
1 0.273438 0.996094 0.325521 0.996094 0.325521 0.944010 0.273438 0.944010
1 0.312500 0.268229 0.364583 0.268229 0.364583 0.216146 0.312500 0.216146
1 0.419271 0.394531 0.471354 0.394531 0.471354 0.342448 0.419271 0.342448
1 0.656250 0.546875 0.708333 0.546875 0.708333 0.494792 0.656250 0.494792
1 0.673177 0.027344 0.725260 0.027344 0.725260 0.000000 0.673177 0.000000
1 0.768229 0.998698 0.820312 0.998698 0.820312 0.963542 0.768229 0.963542
1 0.791667 0.858073 0.843750 0.858073 0.843750 0.805990 0.791667 0.805990
2 0.213542 0.580729 0.239583 0.580729 0.239583 0.554688 0.213542 0.554688
