0 0.000000 0.819010 0.970052 0.852865 0.963542 0.742188 0.000000 0.708333
1 0.566406 0.138021 0.618490 0.138021 0.618490 0.085938 0.566406 0.085938
1 0.899740 0.255208 0.951823 0.255208 0.951823 0.203125 0.899740 0.203125
1 0.924479 0.333333 0.976562 0.333333 0.976562 0.281250 0.924479 0.281250
1 0.735677 0.455729 0.787760 0.455729 0.787760 0.403646 0.735677 0.403646
1 0.390625 0.626302 0.442708 0.626302 0.442708 0.574219 0.390625 0.574219
1 0.807292 0.667969 0.859375 0.667969 0.859375 0.615885 0.807292 0.615885
1 0.231771 0.725260 0.283854 0.725260 0.283854 0.673177 0.231771 0.673177
2 0.247396 0.256510 0.273438 0.256510 0.273438 0.230469 0.247396 0.230469
2 0.647135 0.036458 0.673177 0.036458 0.673177 0.010417 0.647135 0.010417
2 0.300781 0.986979 0.326823 0.986979 0.326823 0.960938 0.300781 0.960938
2 0.096354 0.095052 0.122396 0.095052 0.122396 0.069010 0.096354 0.069010
