0 0.000000 0.110677 0.657552 0.001302 0.000000 0.001302 0.000000 0.001302
1 0.886719 0.802083 0.938802 0.802083 0.938802 0.750000 0.886719 0.750000
1 0.700521 0.621094 0.752604 0.621094 0.752604 0.569010 0.700521 0.569010
1 0.011719 0.601563 0.063802 0.601563 0.063802 0.549479 0.011719 0.549479
1 0.191406 0.572917 0.243490 0.572917 0.243490 0.520833 0.191406 0.520833
1 0.559896 0.406250 0.611979 0.406250 0.611979 0.354167 0.559896 0.354167
1 0.092448 0.299479 0.144531 0.299479 0.144531 0.247396 0.092448 0.247396
1 0.825521 0.100260 0.877604 0.100260 0.877604 0.048177 0.825521 0.048177
2 0.634115 0.054688 0.660156 0.054688 0.660156 0.028646 0.634115 0.028646
2 0.322917 0.395833 0.348958 0.395833 0.348958 0.369792 0.322917 0.369792
2 0.317708 0.686198 0.343750 0.686198 0.343750 0.660156 0.317708 0.660156
2 0.792969 0.053385 0.819010 0.053385 0.819010 0.027344 0.792969 0.027344
2 0.813802 0.815104 0.839844 0.815104 0.839844 0.789062 0.813802 0.789062
2 0.283854 0.322917 0.309896 0.322917 0.309896 0.296875 0.283854 0.296875
