0 0.083333 1.000000 0.194010 1.000000 0.098958 0.007812 0.001302 0.141927
1 0.882812 0.984375 0.934896 0.984375 0.934896 0.932292 0.882812 0.932292
1 0.470052 0.473958 0.522135 0.473958 0.522135 0.421875 0.470052 0.421875
2 0.191406 0.555990 0.217448 0.555990 0.217448 0.529948 0.191406 0.529948
2 0.858073 0.700521 0.884115 0.700521 0.884115 0.674479 0.858073 0.674479
2 0.920573 0.799479 0.946615 0.799479 0.946615 0.773438 0.920573 0.773438
2 0.803385 0.130208 0.829427 0.130208 0.829427 0.104167 0.803385 0.104167
2 0.121094 0.378906 0.147135 0.378906 0.147135 0.352865 0.121094 0.352865
2 0.462240 0.660156 0.488281 0.660156 0.488281 0.634115 0.462240 0.634115
2 0.136719 0.533854 0.162760 0.533854 0.162760 0.507813 0.136719 0.507813
2 0.361979 0.695312 0.388021 0.695312 0.388021 0.669271 0.361979 0.669271
