0 0.001302 0.888021 0.065104 0.000000 0.001302 0.000000 0.001302 0.000000
1 0.924479 0.061198 0.976562 0.061198 0.976562 0.009115 0.924479 0.009115
1 0.688802 0.802083 0.740885 0.802083 0.740885 0.750000 0.688802 0.750000
1 0.583333 0.455729 0.635417 0.455729 0.635417 0.403646 0.583333 0.403646
1 0.367188 0.204427 0.419271 0.204427 0.419271 0.152344 0.367188 0.152344
1 0.283854 0.643229 0.335938 0.643229 0.335938 0.591146 0.283854 0.591146
1 0.223958 0.377604 0.276042 0.377604 0.276042 0.325521 0.223958 0.325521
2 0.901042 0.738281 0.927083 0.738281 0.927083 0.712240 0.901042 0.712240
2 0.243490 0.820312 0.269531 0.820312 0.269531 0.794271 0.243490 0.794271
2 0.390625 0.571615 0.416667 0.571615 0.416667 0.545573 0.390625 0.545573
2 0.136719 0.498698 0.162760 0.498698 0.162760 0.472656 0.136719 0.472656
2 0.053385 0.546875 0.079427 0.546875 0.079427 0.520833 0.053385 0.520833
2 0.208333 0.583333 0.234375 0.583333 0.234375 0.557292 0.208333 0.557292
2 0.398438 0.858073 0.424479 0.858073 0.424479 0.832031 0.398438 0.832031
2 0.921875 0.451823 0.947917 0.451823 0.947917 0.425781 0.921875 0.425781
