0 0.024740 0.998698 1.000000 0.898438 1.000000 0.787760 0.001302 0.890625
1 0.200521 0.161458 0.252604 0.161458 0.252604 0.109375 0.200521 0.109375
1 0.270833 0.337240 0.322917 0.337240 0.322917 0.285156 0.270833 0.285156
1 0.713542 0.553385 0.765625 0.553385 0.765625 0.501302 0.713542 0.501302
1 0.838542 0.751302 0.890625 0.751302 0.890625 0.699219 0.838542 0.699219
2 0.854167 0.645833 0.880208 0.645833 0.880208 0.619792 0.854167 0.619792
2 0.501302 0.759115 0.527344 0.759115 0.527344 0.733073 0.501302 0.733073
2 0.252604 0.653646 0.278646 0.653646 0.278646 0.627604 0.252604 0.627604
2 0.717448 0.841146 0.743490 0.841146 0.743490 0.815104 0.717448 0.815104
2 0.019531 0.156250 0.045573 0.156250 0.045573 0.130208 0.019531 0.130208
