0 0.002604 0.872396 0.011719 0.981771 1.000000 0.871094 1.000000 0.761719
1 0.367188 0.040365 0.419271 0.040365 0.419271 0.000000 0.367188 0.000000
1 0.485677 0.157552 0.537760 0.157552 0.537760 0.105469 0.485677 0.105469
1 0.721354 0.157552 0.773438 0.157552 0.773438 0.105469 0.721354 0.105469
1 0.699219 0.186198 0.751302 0.186198 0.751302 0.134115 0.699219 0.134115
1 0.389323 0.221354 0.441406 0.221354 0.441406 0.169271 0.389323 0.169271
1 0.432292 0.609375 0.484375 0.609375 0.484375 0.557292 0.432292 0.557292
1 0.871094 0.795573 0.923177 0.795573 0.923177 0.743490 0.871094 0.743490
1 0.407552 0.875000 0.459635 0.875000 0.459635 0.822917 0.407552 0.822917
2 0.941406 0.946615 0.967448 0.946615 0.967448 0.920573 0.941406 0.920573
2 0.608073 0.537760 0.634115 0.537760 0.634115 0.511719 0.608073 0.511719
2 0.912760 0.214844 0.938802 0.214844 0.938802 0.188802 0.912760 0.188802
2 0.859375 0.904948 0.885417 0.904948 0.885417 0.878906 0.859375 0.878906
2 0.752604 0.653646 0.778646 0.653646 0.778646 0.627604 0.752604 0.627604
