0 0.005208 0.148438 1.000000 0.246094 1.000000 0.135417 0.002604 0.037760
1 0.277344 0.953125 0.329427 0.953125 0.329427 0.901042 0.277344 0.901042
1 0.695312 0.678385 0.747396 0.678385 0.747396 0.626302 0.695312 0.626302
1 0.279948 0.638021 0.332031 0.638021 0.332031 0.585938 0.279948 0.585938
1 0.776042 0.661458 0.828125 0.661458 0.828125 0.609375 0.776042 0.609375
1 0.505208 0.217448 0.557292 0.217448 0.557292 0.165365 0.505208 0.165365
1 0.544271 0.088542 0.596354 0.088542 0.596354 0.036458 0.544271 0.036458
2 0.540365 0.662760 0.566406 0.662760 0.566406 0.636719 0.540365 0.636719
2 0.321615 0.457031 0.347656 0.457031 0.347656 0.430990 0.321615 0.430990
2 0.755208 0.316406 0.781250 0.316406 0.781250 0.290365 0.755208 0.290365
2 0.690104 0.467448 0.716146 0.467448 0.716146 0.441406 0.690104 0.441406
2 0.240885 0.763021 0.266927 0.763021 0.266927 0.736979 0.240885 0.736979
2 0.078125 0.566406 0.104167 0.566406 0.104167 0.540365 0.078125 0.540365
2 0.658854 0.515625 0.684896 0.515625 0.684896 0.489583 0.658854 0.489583
