0 0.050781 1.000000 0.161458 1.000000 0.269531 0.006510 0.158854 0.007812
1 0.084635 0.248698 0.136719 0.248698 0.136719 0.196615 0.084635 0.196615
1 0.257812 0.083333 0.309896 0.083333 0.309896 0.031250 0.257812 0.031250
1 0.475260 0.501302 0.527344 0.501302 0.527344 0.449219 0.475260 0.449219
2 0.748698 0.634115 0.774740 0.634115 0.774740 0.608073 0.748698 0.608073
2 0.220052 0.916667 0.246094 0.916667 0.246094 0.890625 0.220052 0.890625
2 0.550781 0.769531 0.576823 0.769531 0.576823 0.743490 0.550781 0.743490
2 0.415365 0.074219 0.441406 0.074219 0.441406 0.048177 0.415365 0.048177
2 0.628906 0.542969 0.654948 0.542969 0.654948 0.516927 0.628906 0.516927
2 0.975260 0.473958 0.998698 0.473958 0.998698 0.447917 0.975260 0.447917
