0 0.000000 0.789062 0.977865 0.772135 0.989583 0.661458 0.000000 0.678385
1 0.480469 0.917969 0.532552 0.917969 0.532552 0.865885 0.480469 0.865885
1 0.373698 0.839844 0.425781 0.839844 0.425781 0.787760 0.373698 0.787760
1 0.628906 0.549479 0.680990 0.549479 0.680990 0.497396 0.628906 0.497396
1 0.029948 0.533854 0.082031 0.533854 0.082031 0.481771 0.029948 0.481771
1 0.132812 0.454427 0.184896 0.454427 0.184896 0.402344 0.132812 0.402344
1 0.779948 0.157552 0.832031 0.157552 0.832031 0.105469 0.779948 0.105469
2 0.029948 0.481771 0.055990 0.481771 0.055990 0.455729 0.029948 0.455729
2 0.554688 0.813802 0.580729 0.813802 0.580729 0.787760 0.554688 0.787760
2 0.843750 0.912760 0.869792 0.912760 0.869792 0.886719 0.843750 0.886719
2 0.648437 0.027344 0.674479 0.027344 0.674479 0.001302 0.648437 0.001302
2 0.180990 0.194010 0.207031 0.194010 0.207031 0.167969 0.180990 0.167969
2 0.156250 0.194010 0.182292 0.194010 0.182292 0.167969 0.156250 0.167969
