0 1.000000 0.376302 1.000000 0.265625 0.001302 0.126302 0.002604 0.236979
1 0.723958 0.824219 0.776042 0.824219 0.776042 0.772135 0.723958 0.772135
1 0.895833 0.717448 0.947917 0.717448 0.947917 0.665365 0.895833 0.665365
1 0.149740 0.585938 0.201823 0.585938 0.201823 0.533854 0.149740 0.533854
1 0.911458 0.402344 0.963542 0.402344 0.963542 0.350260 0.911458 0.350260
1 0.356771 0.246094 0.408854 0.246094 0.408854 0.194010 0.356771 0.194010
2 0.207031 0.356771 0.233073 0.356771 0.233073 0.330729 0.207031 0.330729
2 0.273438 0.076823 0.299479 0.076823 0.299479 0.050781 0.273438 0.050781
2 0.726562 0.980469 0.752604 0.980469 0.752604 0.954427 0.726562 0.954427
2 0.316406 0.897135 0.342448 0.897135 0.342448 0.871094 0.316406 0.871094
