0 0.013021 0.701823 1.000000 0.608073 1.000000 0.497396 0.001302 0.592448
1 0.640625 0.065104 0.692708 0.065104 0.692708 0.013021 0.640625 0.013021
1 0.071615 0.144531 0.123698 0.144531 0.123698 0.092448 0.071615 0.092448
1 0.325521 0.329427 0.377604 0.329427 0.377604 0.277344 0.325521 0.277344
1 0.768229 0.313802 0.820312 0.313802 0.820312 0.261719 0.768229 0.261719
1 0.546875 0.727865 0.598958 0.727865 0.598958 0.675781 0.546875 0.675781
1 0.289063 0.777344 0.341146 0.777344 0.341146 0.725260 0.289063 0.725260
2 0.309896 0.151042 0.335938 0.151042 0.335938 0.125000 0.309896 0.125000
2 0.794271 0.286458 0.820312 0.286458 0.820312 0.260417 0.794271 0.260417
2 0.037760 0.854167 0.063802 0.854167 0.063802 0.828125 0.037760 0.828125
2 0.485677 0.342448 0.511719 0.342448 0.511719 0.316406 0.485677 0.316406
2 0.829427 0.388021 0.855469 0.388021 0.855469 0.361979 0.829427 0.361979
