0 0.855469 1.000000 0.966146 1.000000 0.998698 0.776042 0.997396 0.005208
1 0.013021 0.434896 0.065104 0.434896 0.065104 0.382812 0.013021 0.382812
1 0.162760 0.115885 0.214844 0.115885 0.214844 0.063802 0.162760 0.063802
1 0.203125 0.200521 0.255208 0.200521 0.255208 0.148438 0.203125 0.148438
1 0.347656 0.483073 0.399740 0.483073 0.399740 0.430990 0.347656 0.430990
1 0.369792 0.328125 0.421875 0.328125 0.421875 0.276042 0.369792 0.276042
1 0.809896 0.759115 0.861979 0.759115 0.861979 0.707031 0.809896 0.707031
1 0.885417 0.401042 0.937500 0.401042 0.937500 0.348958 0.885417 0.348958
2 0.114583 0.631510 0.140625 0.631510 0.140625 0.605469 0.114583 0.605469
2 0.036458 0.069010 0.062500 0.069010 0.062500 0.042969 0.036458 0.042969
2 0.837240 0.182292 0.863281 0.182292 0.863281 0.156250 0.837240 0.156250
2 0.552083 0.694010 0.578125 0.694010 0.578125 0.667969 0.552083 0.667969
2 0.569010 0.959635 0.595052 0.959635 0.595052 0.933594 0.569010 0.933594
2 0.182292 0.903646 0.208333 0.903646 0.208333 0.877604 0.182292 0.877604
2 0.273438 0.075521 0.299479 0.075521 0.299479 0.049479 0.273438 0.049479
2 0.571615 0.566406 0.597656 0.566406 0.597656 0.540365 0.571615 0.540365
