0 1.000000 0.505208 1.000000 0.395833 0.006510 0.244792 0.007812 0.355469
1 0.220052 0.989583 0.272135 0.989583 0.272135 0.937500 0.220052 0.937500
1 0.735677 0.882812 0.787760 0.882812 0.787760 0.830729 0.735677 0.830729
1 0.691406 0.664062 0.743490 0.664062 0.743490 0.611979 0.691406 0.611979
1 0.010417 0.114583 0.062500 0.114583 0.062500 0.062500 0.010417 0.062500
1 0.480469 0.132812 0.532552 0.132812 0.532552 0.080729 0.480469 0.080729
1 0.197917 0.088542 0.250000 0.088542 0.250000 0.036458 0.197917 0.036458
1 0.572917 0.040365 0.625000 0.040365 0.625000 0.001302 0.572917 0.001302
2 0.826823 0.447917 0.852865 0.447917 0.852865 0.421875 0.826823 0.421875
2 0.114583 0.627604 0.140625 0.627604 0.140625 0.601562 0.114583 0.601562
2 0.596354 0.570312 0.622396 0.570312 0.622396 0.544271 0.596354 0.544271
2 0.342448 0.164062 0.368490 0.164062 0.368490 0.138021 0.342448 0.138021
2 0.261719 0.359375 0.287760 0.359375 0.287760 0.333333 0.261719 0.333333
2 0.239583 0.674479 0.265625 0.674479 0.265625 0.648438 0.239583 0.648438
2 0.851562 0.632812 0.877604 0.632812 0.877604 0.606771 0.851562 0.606771
2 0.291667 0.496094 0.317708 0.496094 0.317708 0.470052 0.291667 0.470052
