0 0.884115 0.981771 0.994792 0.977865 1.000000 0.891927 0.944010 0.000000
1 0.951823 0.372396 1.000000 0.372396 1.000000 0.320313 0.951823 0.320313
1 0.809896 0.128906 0.861979 0.128906 0.861979 0.076823 0.809896 0.076823
1 0.730469 0.592448 0.782552 0.592448 0.782552 0.540365 0.730469 0.540365
1 0.414063 0.209635 0.466146 0.209635 0.466146 0.157552 0.414063 0.157552
1 0.365885 0.153646 0.417969 0.153646 0.417969 0.101562 0.365885 0.101562
1 0.364583 0.178385 0.416667 0.178385 0.416667 0.126302 0.364583 0.126302
2 0.500000 0.526042 0.526042 0.526042 0.526042 0.500000 0.500000 0.500000
2 0.378906 0.363281 0.404948 0.363281 0.404948 0.337240 0.378906 0.337240
2 0.242188 0.458333 0.268229 0.458333 0.268229 0.432292 0.242188 0.432292
2 0.236979 0.561198 0.263021 0.561198 0.263021 0.535156 0.236979 0.535156
2 0.100260 0.240885 0.126302 0.240885 0.126302 0.214844 0.100260 0.214844
