0 0.490885 1.000000 0.601562 1.000000 0.682292 0.006510 0.571615 0.009115
1 0.747396 0.367188 0.799479 0.367188 0.799479 0.315104 0.747396 0.315104
1 0.785156 0.864583 0.837240 0.864583 0.837240 0.812500 0.785156 0.812500
1 0.822917 0.736979 0.875000 0.736979 0.875000 0.684896 0.822917 0.684896
2 0.126302 0.942708 0.152344 0.942708 0.152344 0.916667 0.126302 0.916667
2 0.382812 0.989583 0.408854 0.989583 0.408854 0.963542 0.382812 0.963542
2 0.260417 0.220052 0.286458 0.220052 0.286458 0.194010 0.260417 0.194010
2 0.692708 0.386719 0.718750 0.386719 0.718750 0.360677 0.692708 0.360677
2 0.174479 0.658854 0.200521 0.658854 0.200521 0.632812 0.174479 0.632812
2 0.305990 0.641927 0.332031 0.641927 0.332031 0.615885 0.305990 0.615885
2 0.191406 0.425781 0.217448 0.425781 0.217448 0.399740 0.191406 0.399740
