0 0.000000 0.424479 0.989583 0.519531 0.986979 0.408854 0.000000 0.313802
1 0.045573 0.065104 0.097656 0.065104 0.097656 0.013021 0.045573 0.013021
1 0.093750 0.123698 0.145833 0.123698 0.145833 0.071615 0.093750 0.071615
1 0.406250 0.675781 0.458333 0.675781 0.458333 0.623698 0.406250 0.623698
1 0.091146 0.697917 0.143229 0.697917 0.143229 0.645833 0.091146 0.645833
2 0.240885 0.476562 0.266927 0.476562 0.266927 0.450521 0.240885 0.450521
2 0.623698 0.303385 0.649740 0.303385 0.649740 0.277344 0.623698 0.277344
2 0.273438 0.687500 0.299479 0.687500 0.299479 0.661458 0.273438 0.661458
2 0.895833 0.459635 0.921875 0.459635 0.921875 0.433594 0.895833 0.433594
2 0.175781 0.888021 0.201823 0.888021 0.201823 0.861979 0.175781 0.861979
2 0.430990 0.677083 0.457031 0.677083 0.457031 0.651042 0.430990 0.651042
2 0.417969 0.544271 0.444010 0.544271 0.444010 0.518229 0.417969 0.518229
2 0.855469 0.063802 0.881510 0.063802 0.881510 0.037760 0.855469 0.037760
