0 0.725260 0.989583 0.835938 0.990885 0.721354 0.000000 0.610677 0.000000
1 0.403646 0.140625 0.455729 0.140625 0.455729 0.088542 0.403646 0.088542
1 0.859375 0.925781 0.911458 0.925781 0.911458 0.873698 0.859375 0.873698
1 0.958333 0.180990 0.998698 0.180990 0.998698 0.128906 0.958333 0.128906
2 0.673177 0.897135 0.699219 0.897135 0.699219 0.871094 0.673177 0.871094
2 0.868490 0.298177 0.894531 0.298177 0.894531 0.272135 0.868490 0.272135
2 0.126302 0.462240 0.152344 0.462240 0.152344 0.436198 0.126302 0.436198
2 0.128906 0.933594 0.154948 0.933594 0.154948 0.907552 0.128906 0.907552
2 0.335938 0.226562 0.361979 0.226562 0.361979 0.200521 0.335938 0.200521
2 0.475260 0.761719 0.501302 0.761719 0.501302 0.735677 0.475260 0.735677
2 0.218750 0.138021 0.244792 0.138021 0.244792 0.111979 0.218750 0.111979
2 0.563802 0.830729 0.589844 0.830729 0.589844 0.804688 0.563802 0.804688
