0 0.170573 0.990885 0.281250 0.988281 0.403646 0.000000 0.292969 0.000000
1 0.631510 0.964844 0.683594 0.964844 0.683594 0.912760 0.631510 0.912760
1 0.291667 0.947917 0.343750 0.947917 0.343750 0.895833 0.291667 0.895833
1 0.134115 0.954427 0.186198 0.954427 0.186198 0.902344 0.134115 0.902344
1 0.109375 0.296875 0.161458 0.296875 0.161458 0.244792 0.109375 0.244792
2 0.196615 0.200521 0.222656 0.200521 0.222656 0.174479 0.196615 0.174479
2 0.572917 0.773438 0.598958 0.773438 0.598958 0.747396 0.572917 0.747396
2 0.322917 0.242188 0.348958 0.242188 0.348958 0.216146 0.322917 0.216146
2 0.394531 0.093750 0.420573 0.093750 0.420573 0.067708 0.394531 0.067708
2 0.492188 0.998698 0.518229 0.998698 0.518229 0.973958 0.492188 0.973958
2 0.466146 0.575521 0.492188 0.575521 0.492188 0.549479 0.466146 0.549479
2 0.519531 0.371094 0.545573 0.371094 0.545573 0.345052 0.519531 0.345052
