0 0.718750 0.988281 0.829427 0.990885 0.707031 -0.000000 0.596354 0.000000
1 0.316406 0.964844 0.368490 0.964844 0.368490 0.912760 0.316406 0.912760
1 0.656250 0.947917 0.708333 0.947917 0.708333 0.895833 0.656250 0.895833
1 0.813802 0.954427 0.865885 0.954427 0.865885 0.902344 0.813802 0.902344
1 0.838542 0.296875 0.890625 0.296875 0.890625 0.244792 0.838542 0.244792
2 0.777344 0.200521 0.803385 0.200521 0.803385 0.174479 0.777344 0.174479
2 0.401042 0.773438 0.427083 0.773438 0.427083 0.747396 0.401042 0.747396
2 0.651042 0.242187 0.677083 0.242187 0.677083 0.216146 0.651042 0.216146
2 0.579427 0.093750 0.605469 0.093750 0.605469 0.067708 0.579427 0.067708
2 0.481771 0.998698 0.507813 0.998698 0.507813 0.973958 0.481771 0.973958
2 0.507812 0.575521 0.533854 0.575521 0.533854 0.549479 0.507812 0.549479
2 0.454427 0.371094 0.480469 0.371094 0.480469 0.345052 0.454427 0.345052
