0 0.000000 0.477865 0.997396 0.402344 0.981771 0.292969 0.000000 0.367188
1 0.091146 0.998698 0.143229 0.998698 0.143229 0.946615 0.091146 0.946615
1 0.600260 0.832031 0.652344 0.832031 0.652344 0.779948 0.600260 0.779948
1 0.000000 0.485677 0.052083 0.485677 0.052083 0.433594 0.000000 0.433594
1 0.532552 0.286458 0.584635 0.286458 0.584635 0.234375 0.532552 0.234375
1 0.480469 0.265625 0.532552 0.265625 0.532552 0.213542 0.480469 0.213542
1 0.891927 0.180990 0.944010 0.180990 0.944010 0.128906 0.891927 0.128906
1 0.944010 0.177083 0.996094 0.177083 0.996094 0.125000 0.944010 0.125000
1 0.421875 0.191406 0.473958 0.191406 0.473958 0.139323 0.421875 0.139323
2 0.466146 0.764323 0.492188 0.764323 0.492188 0.738281 0.466146 0.738281
2 0.333333 0.380208 0.359375 0.380208 0.359375 0.354167 0.333333 0.354167
2 0.502604 0.552083 0.528646 0.552083 0.528646 0.526042 0.502604 0.526042
2 0.096354 0.373698 0.122396 0.373698 0.122396 0.347656 0.096354 0.347656
2 0.680990 0.145833 0.707031 0.145833 0.707031 0.119792 0.680990 0.119792
2 0.151042 0.394531 0.177083 0.394531 0.177083 0.368490 0.151042 0.368490
2 0.276042 0.674479 0.302083 0.674479 0.302083 0.648438 0.276042 0.648438
