0 1.000000 0.403646 1.000000 0.292969 0.009115 0.170573 0.011719 0.281250
1 0.035156 0.683594 0.087240 0.683594 0.087240 0.631510 0.035156 0.631510
1 0.052083 0.343750 0.104167 0.343750 0.104167 0.291667 0.052083 0.291667
1 0.045573 0.186198 0.097656 0.186198 0.097656 0.134115 0.045573 0.134115
1 0.703125 0.161458 0.755208 0.161458 0.755208 0.109375 0.703125 0.109375
2 0.799479 0.222656 0.825521 0.222656 0.825521 0.196615 0.799479 0.196615
2 0.226562 0.598958 0.252604 0.598958 0.252604 0.572917 0.226562 0.572917
2 0.757812 0.348958 0.783854 0.348958 0.783854 0.322917 0.757812 0.322917
2 0.906250 0.420573 0.932292 0.420573 0.932292 0.394531 0.906250 0.394531
2 0.001302 0.518229 0.026042 0.518229 0.026042 0.492187 0.001302 0.492187
2 0.424479 0.492188 0.450521 0.492188 0.450521 0.466146 0.424479 0.466146
2 0.628906 0.545573 0.654948 0.545573 0.654948 0.519531 0.628906 0.519531
