0 0.460938 1.000000 0.570313 1.000000 0.425781 0.001302 0.316406 0.009115
1 0.820312 0.925781 0.872396 0.925781 0.872396 0.873698 0.820312 0.873698
1 0.648437 0.079427 0.700521 0.079427 0.700521 0.027344 0.648437 0.027344
1 0.329427 0.074219 0.381510 0.074219 0.381510 0.022135 0.329427 0.022135
1 0.384115 0.802083 0.436198 0.802083 0.436198 0.750000 0.384115 0.750000
1 0.309896 0.472656 0.361979 0.472656 0.361979 0.420573 0.309896 0.420573
2 0.678385 0.105469 0.704427 0.105469 0.704427 0.079427 0.678385 0.079427
2 0.946615 0.143229 0.972656 0.143229 0.972656 0.117188 0.946615 0.117188
2 0.250000 0.244792 0.276042 0.244792 0.276042 0.218750 0.250000 0.218750
2 0.049479 0.852865 0.075521 0.852865 0.075521 0.826823 0.049479 0.826823
2 0.234375 0.669271 0.260417 0.669271 0.260417 0.643229 0.234375 0.643229
