0 0.319010 1.000000 0.429688 1.000000 0.505208 0.009115 0.394531 0.011719
1 0.093750 0.733073 0.145833 0.733073 0.145833 0.680990 0.093750 0.680990
1 0.226562 0.351562 0.278646 0.351562 0.278646 0.299479 0.226562 0.299479
1 0.609375 0.119792 0.661458 0.119792 0.661458 0.067708 0.609375 0.067708
1 0.885417 0.609375 0.937500 0.609375 0.937500 0.557292 0.885417 0.557292
1 0.888021 0.557292 0.940104 0.557292 0.940104 0.505208 0.888021 0.505208
2 0.420573 0.182292 0.446615 0.182292 0.446615 0.156250 0.420573 0.156250
2 0.490885 0.631510 0.516927 0.631510 0.516927 0.605469 0.490885 0.605469
2 0.627604 0.903646 0.653646 0.903646 0.653646 0.877604 0.627604 0.877604
2 0.437500 0.993490 0.463542 0.993490 0.463542 0.967448 0.437500 0.967448
2 0.786458 0.524740 0.812500 0.524740 0.812500 0.498698 0.786458 0.498698
2 0.920573 0.455729 0.946615 0.455729 0.946615 0.429688 0.920573 0.429688
2 0.371094 0.492188 0.397135 0.492188 0.397135 0.466146 0.371094 0.466146
2 0.154948 0.240885 0.180990 0.240885 0.180990 0.214844 0.154948 0.214844
