0 0.200521 1.000000 0.994792 0.928385 0.997396 0.817708 0.000000 0.908854
1 0.143229 0.923177 0.195312 0.923177 0.195312 0.871094 0.143229 0.871094
1 0.730469 0.765625 0.782552 0.765625 0.782552 0.713542 0.730469 0.713542
1 0.505208 0.313802 0.557292 0.313802 0.557292 0.261719 0.505208 0.261719
1 0.835938 0.204427 0.888021 0.204427 0.888021 0.152344 0.835938 0.152344
1 0.470052 0.212240 0.522135 0.212240 0.522135 0.160156 0.470052 0.160156
1 0.953125 0.040365 0.998698 0.040365 0.998698 0.001302 0.953125 0.001302
1 0.141927 0.035156 0.194010 0.035156 0.194010 0.001302 0.141927 0.001302
2 0.160156 0.216146 0.186198 0.216146 0.186198 0.190104 0.160156 0.190104
2 0.110677 0.247396 0.136719 0.247396 0.136719 0.221354 0.110677 0.221354
