0 0.605469 0.998698 0.714844 0.989583 0.593750 0.000000 0.483073 0.000000
1 0.246094 0.816406 0.298177 0.816406 0.298177 0.764323 0.246094 0.764323
1 0.376302 0.591146 0.428385 0.591146 0.428385 0.539062 0.376302 0.539062
1 0.552083 0.515625 0.604167 0.515625 0.604167 0.463542 0.552083 0.463542
1 0.587240 0.170573 0.639323 0.170573 0.639323 0.118490 0.587240 0.118490
1 0.648438 0.031250 0.700521 0.031250 0.700521 0.000000 0.648438 0.000000
1 0.774740 0.408854 0.826823 0.408854 0.826823 0.356771 0.774740 0.356771
1 0.846354 0.998698 0.898438 0.998698 0.898438 0.951823 0.846354 0.951823
1 0.852865 0.846354 0.904948 0.846354 0.904948 0.794271 0.852865 0.794271
2 0.697917 0.631510 0.723958 0.631510 0.723958 0.605469 0.697917 0.605469
2 0.957031 0.179688 0.983073 0.179688 0.983073 0.153646 0.957031 0.153646
2 0.364583 0.697917 0.390625 0.697917 0.390625 0.671875 0.364583 0.671875
2 0.123698 0.227865 0.149740 0.227865 0.149740 0.201823 0.123698 0.201823
2 0.518229 0.888021 0.544271 0.888021 0.544271 0.861979 0.518229 0.861979
