0 0.261719 0.996094 0.372396 0.997396 0.204427 0.000000 0.093750 0.000000
1 0.182292 0.679688 0.234375 0.679688 0.234375 0.627604 0.182292 0.627604
1 0.324219 0.260417 0.376302 0.260417 0.376302 0.208333 0.324219 0.208333
1 0.529948 0.860677 0.582031 0.860677 0.582031 0.808594 0.529948 0.808594
1 0.562500 0.748698 0.614583 0.748698 0.614583 0.696615 0.562500 0.696615
1 0.502604 0.070312 0.554688 0.070312 0.554688 0.018229 0.502604 0.018229
1 0.712240 0.220052 0.764323 0.220052 0.764323 0.167969 0.712240 0.167969
1 0.880208 0.588542 0.932292 0.588542 0.932292 0.536458 0.880208 0.536458
2 0.519531 0.626302 0.545573 0.626302 0.545573 0.600260 0.519531 0.600260
2 0.125000 0.321615 0.151042 0.321615 0.151042 0.295573 0.125000 0.295573
2 0.403646 0.723958 0.429688 0.723958 0.429688 0.697917 0.403646 0.697917
2 0.522135 0.808594 0.548177 0.808594 0.548177 0.782552 0.522135 0.782552
2 0.591146 0.902344 0.617188 0.902344 0.617188 0.876302 0.591146 0.876302
2 0.652344 0.945312 0.678385 0.945312 0.678385 0.919271 0.652344 0.919271
2 0.476562 0.367188 0.502604 0.367188 0.502604 0.341146 0.476562 0.341146
2 0.095052 0.300781 0.121094 0.300781 0.121094 0.274740 0.095052 0.274740
