0 0.000000 0.776042 0.979167 0.753906 0.988281 0.643229 0.000000 0.665365
1 0.165365 0.740885 0.217448 0.740885 0.217448 0.688802 0.165365 0.688802
1 0.940104 0.386719 0.992188 0.386719 0.992188 0.334635 0.940104 0.334635
1 0.805990 0.259115 0.858073 0.259115 0.858073 0.207031 0.805990 0.207031
1 0.227865 0.088542 0.279948 0.088542 0.279948 0.036458 0.227865 0.036458
2 0.678385 0.315104 0.704427 0.315104 0.704427 0.289062 0.678385 0.289062
2 0.859375 0.257812 0.885417 0.257812 0.885417 0.231771 0.859375 0.231771
2 0.481771 0.864583 0.507813 0.864583 0.507813 0.838542 0.481771 0.838542
2 0.740885 0.833333 0.766927 0.833333 0.766927 0.807292 0.740885 0.807292
2 0.132812 0.352865 0.158854 0.352865 0.158854 0.326823 0.132812 0.326823
2 0.268229 0.636719 0.294271 0.636719 0.294271 0.610677 0.268229 0.610677
2 0.722656 0.027344 0.748698 0.027344 0.748698 0.001302 0.722656 0.001302
2 0.450521 0.606771 0.476562 0.606771 0.476562 0.580729 0.450521 0.580729
