0 0.000000 0.601562 0.993490 0.682292 0.990885 0.571615 0.000000 0.490885
1 0.632812 0.799479 0.684896 0.799479 0.684896 0.747396 0.632812 0.747396
1 0.135417 0.837240 0.187500 0.837240 0.187500 0.785156 0.135417 0.785156
1 0.263021 0.875000 0.315104 0.875000 0.315104 0.822917 0.263021 0.822917
2 0.057292 0.152344 0.083333 0.152344 0.083333 0.126302 0.057292 0.126302
2 0.010417 0.408854 0.036458 0.408854 0.036458 0.382812 0.010417 0.382812
2 0.779948 0.286458 0.805990 0.286458 0.805990 0.260417 0.779948 0.260417
2 0.613281 0.718750 0.639323 0.718750 0.639323 0.692708 0.613281 0.692708
2 0.341146 0.200521 0.367188 0.200521 0.367188 0.174479 0.341146 0.174479
2 0.358073 0.332031 0.384115 0.332031 0.384115 0.305990 0.358073 0.305990
2 0.574219 0.217448 0.600260 0.217448 0.600260 0.191406 0.574219 0.191406
