0 0.085938 0.988281 0.196615 0.992188 0.134115 0.000000 0.023438 0.000000
1 0.031250 0.968750 0.083333 0.968750 0.083333 0.916667 0.031250 0.916667
1 0.091146 0.261719 0.143229 0.261719 0.143229 0.209635 0.091146 0.209635
1 0.238281 0.539062 0.290365 0.539062 0.290365 0.486979 0.238281 0.486979
1 0.264323 0.121094 0.316406 0.121094 0.316406 0.069010 0.264323 0.069010
1 0.380208 0.296875 0.432292 0.296875 0.432292 0.244792 0.380208 0.244792
1 0.425781 0.190104 0.477865 0.190104 0.477865 0.138021 0.425781 0.138021
1 0.458333 0.292969 0.510417 0.292969 0.510417 0.240885 0.458333 0.240885
2 0.343750 0.951823 0.369792 0.951823 0.369792 0.925781 0.343750 0.925781
2 0.312500 0.458333 0.338542 0.458333 0.338542 0.432292 0.312500 0.432292
2 0.938802 0.053385 0.964844 0.053385 0.964844 0.027344 0.938802 0.027344
2 0.921875 0.602865 0.947917 0.602865 0.947917 0.576823 0.921875 0.576823
2 0.378906 0.272135 0.404948 0.272135 0.404948 0.246094 0.378906 0.246094
2 0.432292 0.295573 0.458333 0.295573 0.458333 0.269531 0.432292 0.269531
2 0.524740 0.105469 0.550781 0.105469 0.550781 0.079427 0.524740 0.079427
2 0.152344 0.808594 0.178385 0.808594 0.178385 0.782552 0.152344 0.782552
