0 0.026042 0.514323 1.000000 0.562500 1.000000 0.451823 0.022135 0.403646
1 0.114583 0.953125 0.166667 0.953125 0.166667 0.901042 0.114583 0.901042
1 0.486979 0.813802 0.539062 0.813802 0.539062 0.761719 0.486979 0.761719
1 0.761719 0.515625 0.813802 0.515625 0.813802 0.463542 0.761719 0.463542
1 0.683594 0.510417 0.735677 0.510417 0.735677 0.458333 0.683594 0.458333
1 0.001302 0.164062 0.049479 0.164062 0.049479 0.111979 0.001302 0.111979
1 0.628906 0.065104 0.680990 0.065104 0.680990 0.013021 0.628906 0.013021
1 0.628906 0.039062 0.680990 0.039062 0.680990 0.001302 0.628906 0.001302
2 0.299479 0.388021 0.325521 0.388021 0.325521 0.361979 0.299479 0.361979
2 0.589844 0.296875 0.615885 0.296875 0.615885 0.270833 0.589844 0.270833
