0 0.018229 0.093750 1.000000 0.134115 1.000000 0.023438 0.460938 0.001302
1 0.272135 1.000000 0.324219 1.000000 0.324219 0.962240 0.272135 0.962240
1 0.226562 0.882812 0.278646 0.882812 0.278646 0.830729 0.226562 0.830729
1 0.234375 0.674479 0.286458 0.674479 0.286458 0.622396 0.234375 0.622396
1 0.130208 0.643229 0.182292 0.643229 0.182292 0.591146 0.130208 0.591146
1 0.953125 0.260417 1.000000 0.260417 1.000000 0.208333 0.953125 0.208333
1 0.615885 0.244792 0.667969 0.244792 0.667969 0.192708 0.615885 0.192708
1 0.330729 0.234375 0.382812 0.234375 0.382812 0.182292 0.330729 0.182292
2 0.408854 0.235677 0.434896 0.235677 0.434896 0.209635 0.408854 0.209635
2 0.751302 0.773438 0.777344 0.773438 0.777344 0.747396 0.751302 0.747396
2 0.299479 0.311198 0.325521 0.311198 0.325521 0.285156 0.299479 0.285156
2 0.690104 0.328125 0.716146 0.328125 0.716146 0.302083 0.690104 0.302083
