0 0.000000 0.671875 0.984375 0.688802 0.971354 0.578125 0.000000 0.562500
1 0.455729 0.031250 0.507813 0.031250 0.507813 0.000000 0.455729 0.000000
1 0.944010 0.325521 0.996094 0.325521 0.996094 0.273438 0.944010 0.273438
1 0.216146 0.364583 0.268229 0.364583 0.268229 0.312500 0.216146 0.312500
1 0.342448 0.471354 0.394531 0.471354 0.394531 0.419271 0.342448 0.419271
1 0.494792 0.708333 0.546875 0.708333 0.546875 0.656250 0.494792 0.656250
1 0.000000 0.725260 0.027344 0.725260 0.027344 0.673177 0.000000 0.673177
1 0.963542 0.820312 0.998698 0.820312 0.998698 0.768229 0.963542 0.768229
1 0.805990 0.843750 0.858073 0.843750 0.858073 0.791667 0.805990 0.791667
2 0.554688 0.239583 0.580729 0.239583 0.580729 0.213542 0.554688 0.213542
