0 0.242188 0.998698 0.351562 0.979167 0.295573 0.000000 0.184896 0.000000
1 0.132812 0.962240 0.184896 0.962240 0.184896 0.910156 0.132812 0.910156
1 0.277344 0.302083 0.329427 0.302083 0.329427 0.250000 0.277344 0.250000
2 0.209635 0.932292 0.235677 0.932292 0.235677 0.906250 0.209635 0.906250
2 0.001302 0.945312 0.027344 0.945312 0.027344 0.919271 0.001302 0.919271
2 0.977865 0.680990 0.998698 0.680990 0.998698 0.654948 0.977865 0.654948
2 0.940104 0.446615 0.966146 0.446615 0.966146 0.420573 0.940104 0.420573
2 0.494792 0.420573 0.520833 0.420573 0.520833 0.394531 0.494792 0.394531
2 0.763021 0.562500 0.789062 0.562500 0.789062 0.536458 0.763021 0.536458
2 0.477865 0.578125 0.503906 0.578125 0.503906 0.552083 0.477865 0.552083
2 0.656250 0.072917 0.682292 0.072917 0.682292 0.046875 0.656250 0.046875
