0 0.652344 0.992188 0.763021 0.990885 0.876302 0.000000 0.765625 0.000000
1 0.941406 0.998698 0.993490 0.998698 0.993490 0.971354 0.941406 0.971354
1 0.924479 0.733073 0.976562 0.733073 0.976562 0.680990 0.924479 0.680990
1 0.851562 0.200521 0.903646 0.200521 0.903646 0.148438 0.851562 0.148438
1 0.632812 0.282552 0.684896 0.282552 0.684896 0.230469 0.632813 0.230469
1 0.563802 0.665365 0.615885 0.665365 0.615885 0.613281 0.563802 0.613281
1 0.555990 0.509115 0.608073 0.509115 0.608073 0.457031 0.555990 0.457031
1 0.256510 0.371094 0.308594 0.371094 0.308594 0.319010 0.256510 0.319010
1 0.071615 0.847656 0.123698 0.847656 0.123698 0.795573 0.071615 0.795573
2 0.097656 0.140625 0.123698 0.140625 0.123698 0.114583 0.097656 0.114583
2 0.397135 0.723958 0.423177 0.723958 0.423177 0.697917 0.397135 0.697917
2 0.036458 0.210937 0.062500 0.210937 0.062500 0.184896 0.036458 0.184896
2 0.863281 0.778646 0.889323 0.778646 0.889323 0.752604 0.863281 0.752604
2 0.480469 0.471354 0.506510 0.471354 0.506510 0.445312 0.480469 0.445312
2 0.475260 0.498698 0.501302 0.498698 0.501302 0.472656 0.475260 0.472656
2 0.950521 0.238281 0.976562 0.238281 0.976562 0.212240 0.950521 0.212240
2 0.450521 0.496094 0.476562 0.496094 0.476562 0.470052 0.450521 0.470052
