0 0.424479 1.000000 0.535156 1.000000 0.700521 0.002604 0.589844 0.002604
1 0.118490 0.282552 0.170573 0.282552 0.170573 0.230469 0.118490 0.230469
1 0.220052 0.299479 0.272135 0.299479 0.272135 0.247396 0.220052 0.247396
1 0.648438 0.899740 0.700521 0.899740 0.700521 0.847656 0.648438 0.847656
1 0.955729 0.158854 0.998698 0.158854 0.998698 0.106771 0.955729 0.106771
1 0.970052 0.873698 0.998698 0.873698 0.998698 0.821615 0.970052 0.821615
2 0.826823 0.608073 0.852865 0.608073 0.852865 0.582031 0.826823 0.582031
2 0.665365 0.319010 0.691406 0.319010 0.691406 0.292969 0.665365 0.292969
2 0.059896 0.457031 0.085938 0.457031 0.085938 0.430990 0.059896 0.430990
2 0.291667 0.809896 0.317708 0.809896 0.317708 0.783854 0.291667 0.783854
2 0.643229 0.287760 0.669271 0.287760 0.669271 0.261719 0.643229 0.261719
2 0.304688 0.260417 0.330729 0.260417 0.330729 0.234375 0.304688 0.234375
2 0.167969 0.921875 0.194010 0.921875 0.194010 0.895833 0.167969 0.895833
2 0.860677 0.088542 0.886719 0.088542 0.886719 0.062500 0.860677 0.062500
