0 0.997396 0.563802 0.994792 0.453125 0.000000 0.329427 0.000000 0.440104
1 0.805990 0.173177 0.858073 0.173177 0.858073 0.121094 0.805990 0.121094
1 0.967448 0.561198 0.998698 0.561198 0.998698 0.509115 0.967448 0.509115
1 0.731771 0.557292 0.783854 0.557292 0.783854 0.505208 0.731771 0.505208
1 0.936198 0.609375 0.988281 0.609375 0.988281 0.557292 0.936198 0.557292
1 0.902344 0.657552 0.954427 0.657552 0.954427 0.605469 0.902344 0.605469
2 0.011719 0.651042 0.037760 0.651042 0.037760 0.625000 0.011719 0.625000
2 0.049479 0.130208 0.075521 0.130208 0.075521 0.104167 0.049479 0.104167
2 0.950521 0.268229 0.976562 0.268229 0.976562 0.242188 0.950521 0.242188
2 0.865885 0.309896 0.891927 0.309896 0.891927 0.283854 0.865885 0.283854
