0 0.000000 0.705729 0.000000 0.816406 0.992188 0.705729 0.993490 0.595052
1 0.755208 0.940104 0.807292 0.940104 0.807292 0.888021 0.755208 0.888021
1 0.384115 0.902344 0.436198 0.902344 0.436198 0.850260 0.384115 0.850260
1 0.226562 0.895833 0.278646 0.895833 0.278646 0.843750 0.226562 0.843750
1 0.194010 0.846354 0.246094 0.846354 0.246094 0.794271 0.194010 0.794271
1 0.212240 0.764323 0.264323 0.764323 0.264323 0.712240 0.212240 0.712240
1 0.904948 0.165365 0.957031 0.165365 0.957031 0.113281 0.904948 0.113281
1 0.433594 0.162760 0.485677 0.162760 0.485677 0.110677 0.433594 0.110677
1 0.246094 0.132812 0.298177 0.132812 0.298177 0.080729 0.246094 0.080729
2 0.819010 0.333333 0.845052 0.333333 0.845052 0.307292 0.819010 0.307292
