0 0.000000 0.502604 0.998698 0.407552 0.986979 0.298177 0.000000 0.391927
1 0.307292 0.986979 0.359375 0.986979 0.359375 0.934896 0.307292 0.934896
1 0.876302 0.907552 0.928385 0.907552 0.928385 0.855469 0.876302 0.855469
1 0.622396 0.722656 0.674479 0.722656 0.674479 0.670573 0.622396 0.670573
1 0.179688 0.738281 0.231771 0.738281 0.231771 0.686198 0.179688 0.686198
1 0.401042 0.324219 0.453125 0.324219 0.453125 0.272135 0.401042 0.272135
1 0.658854 0.274740 0.710938 0.274740 0.710938 0.222656 0.658854 0.222656
2 0.664062 0.875000 0.690104 0.875000 0.690104 0.848958 0.664062 0.848958
2 0.179688 0.739583 0.205729 0.739583 0.205729 0.713542 0.179688 0.713542
2 0.936198 0.171875 0.962240 0.171875 0.962240 0.145833 0.936198 0.145833
2 0.488281 0.683594 0.514323 0.683594 0.514323 0.657552 0.488281 0.657552
2 0.144531 0.638021 0.170573 0.638021 0.170573 0.611979 0.144531 0.611979
