0 0.019531 0.227865 1.000000 0.173177 1.000000 0.062500 0.023438 0.117188
1 0.300781 0.196615 0.352865 0.196615 0.352865 0.144531 0.300781 0.144531
1 0.410156 0.294271 0.462240 0.294271 0.462240 0.242188 0.410156 0.242188
1 0.382812 0.294271 0.434896 0.294271 0.434896 0.242188 0.382812 0.242188
1 0.731771 0.458333 0.783854 0.458333 0.783854 0.406250 0.731771 0.406250
1 0.236979 0.983073 0.289062 0.983073 0.289062 0.930990 0.236979 0.930990
2 0.415365 0.841146 0.441406 0.841146 0.441406 0.815104 0.415365 0.815104
2 0.286458 0.875000 0.312500 0.875000 0.312500 0.848958 0.286458 0.848958
2 0.794271 0.141927 0.820312 0.141927 0.820312 0.115885 0.794271 0.115885
2 0.657552 0.542969 0.683594 0.542969 0.683594 0.516927 0.657552 0.516927
