0 0.014323 0.928385 0.837240 1.000000 1.000000 0.904948 0.011719 0.817708
1 0.356771 0.988281 0.408854 0.988281 0.408854 0.936198 0.356771 0.936198
1 0.115885 0.444010 0.167969 0.444010 0.167969 0.391927 0.115885 0.391927
1 0.041667 0.096354 0.093750 0.096354 0.093750 0.044271 0.041667 0.044271
1 0.226562 0.087240 0.278646 0.087240 0.278646 0.035156 0.226562 0.035156
1 0.152344 0.027344 0.204427 0.027344 0.204427 0.001302 0.152344 0.001302
2 0.873698 0.743490 0.899740 0.743490 0.899740 0.717448 0.873698 0.717448
2 0.658854 0.488281 0.684896 0.488281 0.684896 0.462240 0.658854 0.462240
2 0.750000 0.053385 0.776042 0.053385 0.776042 0.027344 0.750000 0.027344
2 0.317708 0.510417 0.343750 0.510417 0.343750 0.484375 0.317708 0.484375
2 0.964844 0.595052 0.990885 0.595052 0.990885 0.569010 0.964844 0.569010
