0 0.197917 1.000000 0.308594 1.000000 0.143229 0.007812 0.032552 0.006510
1 0.770833 0.397135 0.822917 0.397135 0.822917 0.345052 0.770833 0.345052
1 0.634115 0.052083 0.686198 0.052083 0.686198 0.001302 0.634115 0.001302
1 0.597656 0.321615 0.649740 0.321615 0.649740 0.269531 0.597656 0.269531
1 0.200521 0.466146 0.252604 0.466146 0.252604 0.414062 0.200521 0.414062
1 0.001302 0.583333 0.035156 0.583333 0.035156 0.531250 0.001302 0.531250
2 0.575521 0.167969 0.601562 0.167969 0.601562 0.141927 0.575521 0.141927
2 0.740885 0.695312 0.766927 0.695312 0.766927 0.669271 0.740885 0.669271
2 0.304688 0.928385 0.330729 0.928385 0.330729 0.902344 0.304688 0.902344
2 0.867188 0.649740 0.893229 0.649740 0.893229 0.623698 0.867188 0.623698
2 0.175781 0.631510 0.201823 0.631510 0.201823 0.605469 0.175781 0.605469
2 0.015625 0.289063 0.041667 0.289063 0.041667 0.263021 0.015625 0.263021
2 0.704427 0.464844 0.730469 0.464844 0.730469 0.438802 0.704427 0.438802
