0 0.993490 0.247396 0.992188 0.136719 0.000000 0.000000 0.000000 0.110677
1 0.075521 0.154948 0.127604 0.154948 0.127604 0.102865 0.075521 0.102865
1 0.582031 0.303385 0.634115 0.303385 0.634115 0.251302 0.582031 0.251302
1 0.315104 0.531250 0.367188 0.531250 0.367188 0.479167 0.315104 0.479167
1 0.671875 0.605469 0.723958 0.605469 0.723958 0.553385 0.671875 0.553385
1 0.334635 0.584635 0.386719 0.584635 0.386719 0.532552 0.334635 0.532552
1 0.299479 0.843750 0.351562 0.843750 0.351562 0.791667 0.299479 0.791667
1 0.963542 0.986979 0.998698 0.986979 0.998698 0.934896 0.963542 0.934896
2 0.376302 0.458333 0.402344 0.458333 0.402344 0.432292 0.376302 0.432292
2 0.566406 0.221354 0.592448 0.221354 0.592448 0.195312 0.566406 0.195312
2 0.453125 0.468750 0.479167 0.468750 0.479167 0.442708 0.453125 0.442708
2 0.078125 0.127604 0.104167 0.127604 0.104167 0.101562 0.078125 0.101562
2 0.576823 0.904948 0.602865 0.904948 0.602865 0.878906 0.576823 0.878906
