0 0.002604 0.907552 1.000000 0.942708 1.000000 0.832031 0.035156 0.798177
1 0.046875 0.850260 0.098958 0.850260 0.098958 0.798177 0.046875 0.798177
1 0.777344 0.822917 0.829427 0.822917 0.829427 0.770833 0.777344 0.770833
1 0.912760 0.619792 0.964844 0.619792 0.964844 0.567708 0.912760 0.567708
1 0.772135 0.248698 0.824219 0.248698 0.824219 0.196615 0.772135 0.196615
2 0.748698 0.093750 0.774740 0.093750 0.774740 0.067708 0.748698 0.067708
2 0.753906 0.717448 0.779948 0.717448 0.779948 0.691406 0.753906 0.691406
2 0.726562 0.014323 0.752604 0.014323 0.752604 0.001302 0.726562 0.001302
2 0.175781 0.125000 0.201823 0.125000 0.201823 0.098958 0.175781 0.098958
2 0.692708 0.976562 0.718750 0.976562 0.718750 0.950521 0.692708 0.950521
