0 0.002604 0.822917 0.001302 0.933594 1.000000 0.760417 1.000000 0.649740
1 0.635417 0.074219 0.687500 0.074219 0.687500 0.022135 0.635417 0.022135
1 0.378906 0.278646 0.430990 0.278646 0.430990 0.226562 0.378906 0.226562
1 0.326823 0.286458 0.378906 0.286458 0.378906 0.234375 0.326823 0.234375
1 0.149740 0.476563 0.201823 0.476562 0.201823 0.424479 0.149740 0.424479
1 0.679688 0.648438 0.731771 0.648438 0.731771 0.596354 0.679688 0.596354
1 0.223958 0.753906 0.276042 0.753906 0.276042 0.701823 0.223958 0.701823
1 0.190104 0.864583 0.242188 0.864583 0.242188 0.812500 0.190104 0.812500
1 0.194010 0.891927 0.246094 0.891927 0.246094 0.839844 0.194010 0.839844
2 0.589844 0.111979 0.615885 0.111979 0.615885 0.085938 0.589844 0.085938
2 0.054688 0.997396 0.080729 0.997396 0.080729 0.971354 0.054688 0.971354
2 0.128906 0.031250 0.154948 0.031250 0.154948 0.005208 0.128906 0.005208
2 0.713542 0.670573 0.739583 0.670573 0.739583 0.644531 0.713542 0.644531
2 0.057292 0.389323 0.083333 0.389323 0.083333 0.363281 0.057292 0.363281
