0 0.024740 1.000000 0.135417 1.000000 0.175781 0.016927 0.065104 0.022135
1 0.118490 0.277344 0.170573 0.277344 0.170573 0.225260 0.118490 0.225260
1 0.393229 0.601562 0.445312 0.601562 0.445312 0.549479 0.393229 0.549479
1 0.433594 0.238281 0.485677 0.238281 0.485677 0.186198 0.433594 0.186198
1 0.458333 0.240885 0.510417 0.240885 0.510417 0.188802 0.458333 0.188802
1 0.489583 0.110677 0.541667 0.110677 0.541667 0.058594 0.489583 0.058594
1 0.541667 0.113281 0.593750 0.113281 0.593750 0.061198 0.541667 0.061198
1 0.540365 0.790365 0.592448 0.790365 0.592448 0.738281 0.540365 0.738281
1 0.873698 0.334635 0.925781 0.334635 0.925781 0.282552 0.873698 0.282552
2 0.145833 0.226562 0.171875 0.226562 0.171875 0.200521 0.145833 0.200521
