0 0.842448 1.000000 0.953125 1.000000 0.904948 0.023438 0.794271 0.019531
1 0.532552 0.627604 0.584635 0.627604 0.584635 0.575521 0.532552 0.575521
1 0.524740 0.498698 0.576823 0.498698 0.576823 0.446615 0.524740 0.446615
1 0.298177 0.118490 0.350260 0.118490 0.350260 0.066406 0.298177 0.066406
1 0.207031 0.358073 0.259115 0.358073 0.259115 0.305990 0.207031 0.305990
1 0.101562 0.337240 0.153646 0.337240 0.153646 0.285156 0.101562 0.285156
2 0.217448 0.071615 0.243490 0.071615 0.243490 0.045573 0.217448 0.045573
2 0.626302 0.936198 0.652344 0.936198 0.652344 0.910156 0.626302 0.910156
2 0.464844 0.865885 0.490885 0.865885 0.490885 0.839844 0.464844 0.839844
2 0.756510 0.957031 0.782552 0.957031 0.782552 0.930990 0.756510 0.930990
2 0.203125 0.800781 0.229167 0.800781 0.229167 0.774740 0.203125 0.774740
