0 0.007812 0.136719 0.006510 0.247396 1.000000 0.110677 1.000000 0.000000
1 0.872396 0.154948 0.924479 0.154948 0.924479 0.102865 0.872396 0.102865
1 0.365885 0.303385 0.417969 0.303385 0.417969 0.251302 0.365885 0.251302
1 0.632812 0.531250 0.684896 0.531250 0.684896 0.479167 0.632812 0.479167
1 0.276042 0.605469 0.328125 0.605469 0.328125 0.553385 0.276042 0.553385
1 0.613281 0.584635 0.665365 0.584635 0.665365 0.532552 0.613281 0.532552
1 0.648438 0.843750 0.700521 0.843750 0.700521 0.791667 0.648438 0.791667
1 0.001302 0.986979 0.036458 0.986979 0.036458 0.934896 0.001302 0.934896
2 0.597656 0.458333 0.623698 0.458333 0.623698 0.432292 0.597656 0.432292
2 0.407552 0.221354 0.433594 0.221354 0.433594 0.195312 0.407552 0.195312
2 0.520833 0.468750 0.546875 0.468750 0.546875 0.442708 0.520833 0.442708
2 0.895833 0.127604 0.921875 0.127604 0.921875 0.101562 0.895833 0.101562
2 0.397135 0.904948 0.423177 0.904948 0.423177 0.878906 0.397135 0.878906
