0 0.000000 0.451823 0.000000 0.562500 0.996094 0.421875 0.997396 0.311198
1 0.412760 0.850260 0.464844 0.850260 0.464844 0.798177 0.412760 0.798177
1 0.208333 0.695312 0.260417 0.695312 0.260417 0.643229 0.208333 0.643229
1 0.348958 0.570312 0.401042 0.570312 0.401042 0.518229 0.348958 0.518229
2 0.335938 0.283854 0.361979 0.283854 0.361979 0.257812 0.335938 0.257812
2 0.710938 0.707031 0.736979 0.707031 0.736979 0.680990 0.710938 0.680990
2 0.179688 0.490885 0.205729 0.490885 0.205729 0.464844 0.179688 0.464844
2 0.412760 0.274740 0.438802 0.274740 0.438802 0.248698 0.412760 0.248698
2 0.696615 0.787760 0.722656 0.787760 0.722656 0.761719 0.696615 0.761719
2 0.570312 0.462240 0.596354 0.462240 0.596354 0.436198 0.570312 0.436198
2 0.166667 0.203125 0.192708 0.203125 0.192708 0.177083 0.166667 0.177083
2 0.759115 0.304688 0.785156 0.304688 0.785156 0.278646 0.759115 0.278646
