0 0.201823 0.266927 1.000000 0.272135 1.000000 0.161458 0.165365 0.156250
1 0.501302 0.447917 0.553385 0.447917 0.553385 0.395833 0.501302 0.395833
1 0.058594 0.316406 0.110677 0.316406 0.110677 0.264323 0.058594 0.264323
1 0.162760 0.186198 0.214844 0.186198 0.214844 0.134115 0.162760 0.134115
1 0.579427 0.110677 0.631510 0.110677 0.631510 0.058594 0.579427 0.058594
1 0.294271 0.031250 0.346354 0.031250 0.346354 0.001302 0.294271 0.001302
2 0.291667 0.708333 0.317708 0.708333 0.317708 0.682292 0.291667 0.682292
2 0.371094 0.552083 0.397135 0.552083 0.397135 0.526042 0.371094 0.526042
2 0.946615 0.111979 0.972656 0.111979 0.972656 0.085938 0.946615 0.085938
2 0.266927 0.368490 0.292969 0.368490 0.292969 0.342448 0.266927 0.342448
2 0.291667 0.759115 0.317708 0.759115 0.317708 0.733073 0.291667 0.733073
2 0.057292 0.526042 0.083333 0.526042 0.083333 0.500000 0.057292 0.500000
