0 0.765625 1.000000 0.876302 1.000000 0.763021 0.009115 0.652344 0.007812
1 0.941406 0.028646 0.993490 0.028646 0.993490 0.001302 0.941406 0.001302
1 0.924479 0.319010 0.976562 0.319010 0.976562 0.266927 0.924479 0.266927
1 0.851562 0.851562 0.903646 0.851562 0.903646 0.799479 0.851562 0.799479
1 0.632813 0.769531 0.684896 0.769531 0.684896 0.717448 0.632812 0.717448
1 0.563802 0.386719 0.615885 0.386719 0.615885 0.334635 0.563802 0.334635
1 0.555990 0.542969 0.608073 0.542969 0.608073 0.490885 0.555990 0.490885
1 0.256510 0.680990 0.308594 0.680990 0.308594 0.628906 0.256510 0.628906
1 0.071615 0.204427 0.123698 0.204427 0.123698 0.152344 0.071615 0.152344
2 0.097656 0.885417 0.123698 0.885417 0.123698 0.859375 0.097656 0.859375
2 0.397135 0.302083 0.423177 0.302083 0.423177 0.276042 0.397135 0.276042
2 0.036458 0.815104 0.062500 0.815104 0.062500 0.789062 0.036458 0.789062
2 0.863281 0.247396 0.889323 0.247396 0.889323 0.221354 0.863281 0.221354
2 0.480469 0.554688 0.506510 0.554688 0.506510 0.528646 0.480469 0.528646
2 0.475260 0.527344 0.501302 0.527344 0.501302 0.501302 0.475260 0.501302
2 0.950521 0.787760 0.976562 0.787760 0.976562 0.761719 0.950521 0.761719
2 0.450521 0.529948 0.476562 0.529948 0.476562 0.503906 0.450521 0.503906
