0 0.817708 0.997396 0.928385 0.994792 1.000000 0.200521 0.908854 0.000000
1 0.871094 0.195313 0.923177 0.195313 0.923177 0.143229 0.871094 0.143229
1 0.713542 0.782552 0.765625 0.782552 0.765625 0.730469 0.713542 0.730469
1 0.261719 0.557292 0.313802 0.557292 0.313802 0.505208 0.261719 0.505208
1 0.152344 0.888021 0.204427 0.888021 0.204427 0.835938 0.152344 0.835938
1 0.160156 0.522135 0.212240 0.522135 0.212240 0.470052 0.160156 0.470052
1 0.001302 0.998698 0.040365 0.998698 0.040365 0.953125 0.001302 0.953125
1 0.001302 0.194010 0.035156 0.194010 0.035156 0.141927 0.001302 0.141927
2 0.190104 0.186198 0.216146 0.186198 0.216146 0.160156 0.190104 0.160156
2 0.221354 0.136719 0.247396 0.136719 0.247396 0.110677 0.221354 0.110677
