0 0.027344 0.842448 1.000000 0.877604 1.000000 0.766927 0.022135 0.731771
1 0.460938 0.970052 0.513021 0.970052 0.513021 0.917969 0.460938 0.917969
1 0.516927 0.816406 0.569010 0.816406 0.569010 0.764323 0.516927 0.764323
1 0.442708 0.656250 0.494792 0.656250 0.494792 0.604167 0.442708 0.604167
1 0.341146 0.598958 0.393229 0.598958 0.393229 0.546875 0.341146 0.546875
1 0.584635 0.375000 0.636719 0.375000 0.636719 0.322917 0.584635 0.322917
1 0.201823 0.125000 0.253906 0.125000 0.253906 0.072917 0.201823 0.072917
1 0.412760 0.080729 0.464844 0.080729 0.464844 0.028646 0.412760 0.028646
1 0.048177 0.042969 0.100260 0.042969 0.100260 0.001302 0.048177 0.001302
2 0.808594 0.643229 0.834635 0.643229 0.834635 0.617188 0.808594 0.617188
