0 0.475260 0.998698 1.000000 0.998698 1.000000 0.998698 1.000000 0.914062
1 0.528646 0.041667 0.580729 0.041667 0.580729 0.000000 0.528646 0.000000
1 0.049479 0.170573 0.101562 0.170573 0.101562 0.118490 0.049479 0.118490
1 0.727865 0.300781 0.779948 0.300781 0.779948 0.248698 0.727865 0.248698
1 0.955729 0.738281 1.000000 0.738281 1.000000 0.686198 0.955729 0.686198
1 0.369792 0.858073 0.421875 0.858073 0.421875 0.805990 0.369792 0.805990
1 0.733073 0.985677 0.785156 0.985677 0.785156 0.933594 0.733073 0.933594
2 0.488281 0.104167 0.514323 0.104167 0.514323 0.078125 0.488281 0.078125
2 0.173177 0.444010 0.199219 0.444010 0.199219 0.417969 0.173177 0.417969
2 0.238281 0.354167 0.264323 0.354167 0.264323 0.328125 0.238281 0.328125
2 0.165365 0.233073 0.191406 0.233073 0.191406 0.207031 0.165365 0.207031
2 0.055990 0.199219 0.082031 0.199219 0.082031 0.173177 0.055990 0.173177
2 0.774740 0.243490 0.800781 0.243490 0.800781 0.217448 0.774740 0.217448
2 0.085938 0.220052 0.111979 0.220052 0.111979 0.194010 0.085938 0.194010
2 0.861979 0.467448 0.888021 0.467448 0.888021 0.441406 0.861979 0.441406
