0 0.697917 1.000000 0.808594 1.000000 0.652344 0.006510 0.541667 0.005208
1 0.756510 0.984375 0.808594 0.984375 0.808594 0.932292 0.756510 0.932292
1 0.470052 0.500000 0.522135 0.500000 0.522135 0.447917 0.470052 0.447917
1 0.434896 0.269531 0.486979 0.269531 0.486979 0.217448 0.434896 0.217448
1 0.481771 0.735677 0.533854 0.735677 0.533854 0.683594 0.481771 0.683594
1 0.399740 0.563802 0.451823 0.563802 0.451823 0.511719 0.399740 0.511719
1 0.373698 0.726562 0.425781 0.726562 0.425781 0.674479 0.373698 0.674479
1 0.266927 0.716146 0.319010 0.716146 0.319010 0.664062 0.266927 0.664062
1 0.197917 0.437500 0.250000 0.437500 0.250000 0.385417 0.197917 0.385417
2 0.503906 0.865885 0.529948 0.865885 0.529948 0.839844 0.503906 0.839844
2 0.829427 0.763021 0.855469 0.763021 0.855469 0.736979 0.829427 0.736979
2 0.144531 0.766927 0.170573 0.766927 0.170573 0.740885 0.144531 0.740885
2 0.347656 0.549479 0.373698 0.549479 0.373698 0.523438 0.347656 0.523438
2 0.815104 0.845052 0.841146 0.845052 0.841146 0.819010 0.815104 0.819010
2 0.437500 0.270833 0.463542 0.270833 0.463542 0.244792 0.437500 0.244792
2 0.626302 0.638021 0.652344 0.638021 0.652344 0.611979 0.626302 0.611979
