0 0.906250 1.000000 0.997396 0.994792 0.977865 0.885417 0.000000 0.941406
1 0.266927 1.000000 0.319010 1.000000 0.319010 0.954427 0.266927 0.954427
1 0.545573 0.889323 0.597656 0.889323 0.597656 0.837240 0.545573 0.837240
1 0.356771 0.769531 0.408854 0.769531 0.408854 0.717448 0.356771 0.717448
1 0.296875 0.640625 0.348958 0.640625 0.348958 0.588542 0.296875 0.588542
1 0.345052 0.561198 0.397135 0.561198 0.397135 0.509115 0.345052 0.509115
1 0.128906 0.442708 0.180990 0.442708 0.180990 0.390625 0.128906 0.390625
1 0.276042 0.277344 0.328125 0.277344 0.328125 0.225260 0.276042 0.225260
2 0.385417 0.794271 0.411458 0.794271 0.411458 0.768229 0.385417 0.768229
2 0.196615 0.699219 0.222656 0.699219 0.222656 0.673177 0.196615 0.673177
2 0.386719 0.376302 0.412760 0.376302 0.412760 0.350260 0.386719 0.350260
2 0.291667 0.067708 0.317708 0.067708 0.317708 0.041667 0.291667 0.041667
2 0.151042 0.805990 0.177083 0.805990 0.177083 0.779948 0.151042 0.779948
2 0.003906 0.997396 0.029948 0.997396 0.029948 0.971354 0.003906 0.971354
2 0.807292 0.899740 0.833333 0.899740 0.833333 0.873698 0.807292 0.873698
