0 0.005208 0.936198 0.287760 0.998698 1.000000 0.877604 1.000000 0.766927
1 0.721354 0.113281 0.773438 0.113281 0.773438 0.061198 0.721354 0.061198
1 0.384115 0.460938 0.436198 0.460938 0.436198 0.408854 0.384115 0.408854
1 0.427083 0.717448 0.479167 0.717448 0.479167 0.665365 0.427083 0.665365
1 0.613281 0.872396 0.665365 0.872396 0.665365 0.820312 0.613281 0.820312
2 0.950521 0.208333 0.976562 0.208333 0.976562 0.182292 0.950521 0.182292
2 0.570312 0.141927 0.596354 0.141927 0.596354 0.115885 0.570312 0.115885
2 0.565104 0.115885 0.591146 0.115885 0.591146 0.089844 0.565104 0.089844
2 0.772135 0.080729 0.798177 0.080729 0.798177 0.054688 0.772135 0.054688
2 0.490885 0.920573 0.516927 0.920573 0.516927 0.894531 0.490885 0.894531
2 0.768229 0.688802 0.794271 0.688802 0.794271 0.662760 0.768229 0.662760
