0 0.451823 1.000000 0.562500 1.000000 0.514323 0.026042 0.403646 0.022135
1 0.901042 0.166667 0.953125 0.166667 0.953125 0.114583 0.901042 0.114583
1 0.761719 0.539062 0.813802 0.539062 0.813802 0.486979 0.761719 0.486979
1 0.463542 0.813802 0.515625 0.813802 0.515625 0.761719 0.463542 0.761719
1 0.458333 0.735677 0.510417 0.735677 0.510417 0.683594 0.458333 0.683594
1 0.111979 0.049479 0.164062 0.049479 0.164062 0.001302 0.111979 0.001302
1 0.013021 0.680990 0.065104 0.680990 0.065104 0.628906 0.013021 0.628906
1 0.001302 0.680990 0.039062 0.680990 0.039062 0.628906 0.001302 0.628906
2 0.361979 0.325521 0.388021 0.325521 0.388021 0.299479 0.361979 0.299479
2 0.270833 0.615885 0.296875 0.615885 0.296875 0.589844 0.270833 0.589844
