0 0.000000 0.085938 0.524740 0.001302 0.000000 0.001302 0.000000 0.001302
1 0.419271 1.000000 0.471354 1.000000 0.471354 0.958333 0.419271 0.958333
1 0.898438 0.881510 0.950521 0.881510 0.950521 0.829427 0.898438 0.829427
1 0.220052 0.751302 0.272135 0.751302 0.272135 0.699219 0.220052 0.699219
1 0.000000 0.313802 0.044271 0.313802 0.044271 0.261719 0.000000 0.261719
1 0.578125 0.194010 0.630208 0.194010 0.630208 0.141927 0.578125 0.141927
1 0.214844 0.066406 0.266927 0.066406 0.266927 0.014323 0.214844 0.014323
2 0.485677 0.921875 0.511719 0.921875 0.511719 0.895833 0.485677 0.895833
2 0.800781 0.582031 0.826823 0.582031 0.826823 0.555990 0.800781 0.555990
2 0.735677 0.671875 0.761719 0.671875 0.761719 0.645833 0.735677 0.645833
2 0.808594 0.792969 0.834635 0.792969 0.834635 0.766927 0.808594 0.766927
2 0.917969 0.826823 0.944010 0.826823 0.944010 0.800781 0.917969 0.800781
2 0.199219 0.782552 0.225260 0.782552 0.225260 0.756510 0.199219 0.756510
2 0.888021 0.805990 0.914062 0.805990 0.914062 0.779948 0.888021 0.779948
2 0.111979 0.558594 0.138021 0.558594 0.138021 0.532552 0.111979 0.532552
