0 0.019531 0.266927 1.000000 0.320313 1.000000 0.209635 0.016927 0.156250
1 0.138021 0.979167 0.190104 0.979167 0.190104 0.927083 0.138021 0.927083
1 0.304687 0.778646 0.356771 0.778646 0.356771 0.726562 0.304687 0.726562
1 0.783854 0.593750 0.835938 0.593750 0.835938 0.541667 0.783854 0.541667
1 0.946615 0.500000 0.998698 0.500000 0.998698 0.447917 0.946615 0.447917
1 0.093750 0.325521 0.145833 0.325521 0.145833 0.273437 0.093750 0.273437
1 0.589844 0.298177 0.641927 0.298177 0.641927 0.246094 0.589844 0.246094
1 0.460938 0.291667 0.513021 0.291667 0.513021 0.239583 0.460938 0.239583
1 0.652344 0.118490 0.704427 0.118490 0.704427 0.066406 0.652344 0.066406
2 0.006510 0.971354 0.032552 0.971354 0.032552 0.945312 0.006510 0.945312
2 0.238281 0.563802 0.264323 0.563802 0.264323 0.537760 0.238281 0.537760
