0 0.007812 0.289062 0.006510 0.399740 1.000000 0.242188 1.000000 0.131510
1 0.339844 0.334635 0.391927 0.334635 0.391927 0.282552 0.339844 0.282552
1 0.914062 0.299479 0.966146 0.299479 0.966146 0.247396 0.914062 0.247396
1 0.039062 0.436198 0.091146 0.436198 0.091146 0.384115 0.039062 0.384115
1 0.626302 0.817708 0.678385 0.817708 0.678385 0.765625 0.626302 0.765625
1 0.569010 0.959635 0.621094 0.959635 0.621094 0.907552 0.569010 0.907552
2 0.708333 0.990885 0.734375 0.990885 0.734375 0.964844 0.708333 0.964844
2 0.300781 0.079427 0.326823 0.079427 0.326823 0.053385 0.300781 0.053385
2 0.190104 0.546875 0.216146 0.546875 0.216146 0.520833 0.190104 0.520833
2 0.914062 0.958333 0.940104 0.958333 0.940104 0.932292 0.914062 0.932292
