0 0.311198 0.997396 0.421875 0.996094 0.562500 0.000000 0.451823 0.000000
1 0.798177 0.464844 0.850260 0.464844 0.850260 0.412760 0.798177 0.412760
1 0.643229 0.260417 0.695312 0.260417 0.695312 0.208333 0.643229 0.208333
1 0.518229 0.401042 0.570312 0.401042 0.570312 0.348958 0.518229 0.348958
2 0.257812 0.361979 0.283854 0.361979 0.283854 0.335938 0.257812 0.335938
2 0.680990 0.736979 0.707031 0.736979 0.707031 0.710938 0.680990 0.710938
2 0.464844 0.205729 0.490885 0.205729 0.490885 0.179688 0.464844 0.179688
2 0.248698 0.438802 0.274740 0.438802 0.274740 0.412760 0.248698 0.412760
2 0.761719 0.722656 0.787760 0.722656 0.787760 0.696615 0.761719 0.696615
2 0.436198 0.596354 0.462240 0.596354 0.462240 0.570312 0.436198 0.570312
2 0.177083 0.192708 0.203125 0.192708 0.203125 0.166667 0.177083 0.166667
2 0.278646 0.785156 0.304688 0.785156 0.304688 0.759115 0.278646 0.759115
