0 0.929688 1.000000 1.000000 0.447917 0.968750 0.016927 0.858073 0.014323
1 0.054688 0.477865 0.106771 0.477865 0.106771 0.425781 0.054688 0.425781
2 0.186198 0.131510 0.212240 0.131510 0.212240 0.105469 0.186198 0.105469
2 0.557292 0.208333 0.583333 0.208333 0.583333 0.182292 0.557292 0.182292
2 0.692708 0.277344 0.718750 0.277344 0.718750 0.251302 0.692708 0.251302
2 0.368490 0.117188 0.394531 0.117188 0.394531 0.091146 0.368490 0.091146
2 0.630208 0.490885 0.656250 0.490885 0.656250 0.464844 0.630208 0.464844
2 0.839844 0.891927 0.865885 0.891927 0.865885 0.865885 0.839844 0.865885
2 0.440104 0.059896 0.466146 0.059896 0.466146 0.033854 0.440104 0.033854
2 0.867188 0.526042 0.893229 0.526042 0.893229 0.500000 0.867188 0.500000
