0 0.013021 0.730469 1.000000 0.826823 1.000000 0.716146 0.010417 0.619792
1 0.585937 1.000000 0.638021 1.000000 0.638021 0.957031 0.585937 0.957031
1 0.851562 0.954427 0.903646 0.954427 0.903646 0.902344 0.851562 0.902344
1 0.451823 0.761719 0.503906 0.761719 0.503906 0.709635 0.451823 0.709635
1 0.398438 0.493490 0.450521 0.493490 0.450521 0.441406 0.398438 0.441406
1 0.485677 0.421875 0.537760 0.421875 0.537760 0.369792 0.485677 0.369792
1 0.623698 0.330729 0.675781 0.330729 0.675781 0.278646 0.623698 0.278646
1 0.522135 0.321615 0.574219 0.321615 0.574219 0.269531 0.522135 0.269531
2 0.781250 0.319010 0.807292 0.319010 0.807292 0.292969 0.781250 0.292969
2 0.537760 0.949219 0.563802 0.949219 0.563802 0.923177 0.537760 0.923177
2 0.720052 0.417969 0.746094 0.417969 0.746094 0.391927 0.720052 0.391927
2 0.628906 0.800781 0.654948 0.800781 0.654948 0.774740 0.628906 0.774740
2 0.238281 0.528646 0.264323 0.528646 0.264323 0.502604 0.238281 0.502604
2 0.772135 0.686198 0.798177 0.686198 0.798177 0.660156 0.772135 0.660156
2 0.250000 0.111979 0.276042 0.111979 0.276042 0.085938 0.250000 0.085938
