0 0.223958 1.000000 0.334635 1.000000 0.356771 0.011719 0.246094 0.020833
1 0.259115 0.834635 0.311198 0.834635 0.311198 0.782552 0.259115 0.782552
1 0.613281 0.059896 0.665365 0.059896 0.665365 0.007812 0.613281 0.007812
1 0.740885 0.194010 0.792969 0.194010 0.792969 0.141927 0.740885 0.141927
1 0.911458 0.772135 0.963542 0.772135 0.963542 0.720052 0.911458 0.720052
2 0.684896 0.321615 0.710938 0.321615 0.710938 0.295573 0.684896 0.295573
2 0.742188 0.140625 0.768229 0.140625 0.768229 0.114583 0.742188 0.114583
2 0.135417 0.518229 0.161458 0.518229 0.161458 0.492187 0.135417 0.492187
2 0.166667 0.259115 0.192708 0.259115 0.192708 0.233073 0.166667 0.233073
2 0.647135 0.867188 0.673177 0.867188 0.673177 0.841146 0.647135 0.841146
2 0.363281 0.731771 0.389323 0.731771 0.389323 0.705729 0.363281 0.705729
2 0.972656 0.277344 0.998698 0.277344 0.998698 0.251302 0.972656 0.251302
2 0.393229 0.549479 0.419271 0.549479 0.419271 0.523438 0.393229 0.523438
