0 0.156250 0.998698 0.266927 0.994792 0.315104 0.000000 0.204427 -0.000000
1 0.951823 0.886719 1.000000 0.886719 1.000000 0.834635 0.951823 0.834635
1 0.350260 0.962240 0.402344 0.962240 0.402344 0.910156 0.350260 0.910156
1 0.313802 0.046875 0.365885 0.046875 0.365885 0.000000 0.313802 0.000000
1 0.097656 0.792969 0.149740 0.792969 0.149740 0.740885 0.097656 0.740885
1 0.084635 0.532552 0.136719 0.532552 0.136719 0.480469 0.084635 0.480469
2 0.583333 0.425781 0.609375 0.425781 0.609375 0.399740 0.583333 0.399740
2 0.516927 0.160156 0.542969 0.160156 0.542969 0.134115 0.516927 0.134115
2 0.161458 0.535156 0.187500 0.535156 0.187500 0.509115 0.161458 0.509115
2 0.001302 0.631510 0.024740 0.631510 0.024740 0.605469 0.001302 0.605469
2 0.704427 0.091146 0.730469 0.091146 0.730469 0.065104 0.704427 0.065104
2 0.444010 0.053385 0.470052 0.053385 0.470052 0.027344 0.444010 0.027344
2 0.171875 0.328125 0.197917 0.328125 0.197917 0.302083 0.171875 0.302083
2 0.644531 0.794271 0.670573 0.794271 0.670573 0.768229 0.644531 0.768229
