0 0.011719 0.356771 1.000000 0.334635 1.000000 0.223958 0.020833 0.246094
1 0.782552 0.311198 0.834635 0.311198 0.834635 0.259115 0.782552 0.259115
1 0.007812 0.665365 0.059896 0.665365 0.059896 0.613281 0.007812 0.613281
1 0.141927 0.792969 0.194010 0.792969 0.194010 0.740885 0.141927 0.740885
1 0.720052 0.963542 0.772135 0.963542 0.772135 0.911458 0.720052 0.911458
2 0.295573 0.710938 0.321615 0.710938 0.321615 0.684896 0.295573 0.684896
2 0.114583 0.768229 0.140625 0.768229 0.140625 0.742188 0.114583 0.742188
2 0.492188 0.161458 0.518229 0.161458 0.518229 0.135417 0.492188 0.135417
2 0.233073 0.192708 0.259115 0.192708 0.259115 0.166667 0.233073 0.166667
2 0.841146 0.673177 0.867188 0.673177 0.867188 0.647135 0.841146 0.647135
2 0.705729 0.389323 0.731771 0.389323 0.731771 0.363281 0.705729 0.363281
2 0.251302 0.998698 0.277344 0.998698 0.277344 0.972656 0.251302 0.972656
2 0.523438 0.419271 0.549479 0.419271 0.549479 0.393229 0.523438 0.393229
