0 0.406250 1.000000 0.516927 1.000000 0.394531 0.001302 0.285156 0.010417
1 0.701823 0.235677 0.753906 0.235677 0.753906 0.183594 0.701823 0.183594
1 0.571615 0.460938 0.623698 0.460938 0.623698 0.408854 0.571615 0.408854
1 0.395833 0.536458 0.447917 0.536458 0.447917 0.484375 0.395833 0.484375
1 0.360677 0.881510 0.412760 0.881510 0.412760 0.829427 0.360677 0.829427
1 0.299479 1.000000 0.351562 1.000000 0.351562 0.968750 0.299479 0.968750
1 0.173177 0.643229 0.225260 0.643229 0.225260 0.591146 0.173177 0.591146
1 0.101562 0.048177 0.153646 0.048177 0.153646 0.001302 0.101562 0.001302
1 0.095052 0.205729 0.147135 0.205729 0.147135 0.153646 0.095052 0.153646
2 0.276042 0.394531 0.302083 0.394531 0.302083 0.368490 0.276042 0.368490
2 0.016927 0.846354 0.042969 0.846354 0.042969 0.820312 0.016927 0.820312
2 0.609375 0.328125 0.635417 0.328125 0.635417 0.302083 0.609375 0.302083
2 0.850260 0.798177 0.876302 0.798177 0.876302 0.772135 0.850260 0.772135
2 0.455729 0.138021 0.481771 0.138021 0.481771 0.111979 0.455729 0.111979
