0 0.178385 0.986979 0.289063 0.989583 0.229167 0.000000 0.118490 0.000000
1 0.000000 0.529948 0.029948 0.529948 0.029948 0.477865 0.000000 0.477865
1 0.031250 0.994792 0.083333 0.994792 0.083333 0.942708 0.031250 0.942708
1 0.180990 0.882812 0.233073 0.882812 0.233073 0.830729 0.180990 0.830729
1 0.261719 0.459635 0.313802 0.459635 0.313802 0.407552 0.261719 0.407552
1 0.598958 0.884115 0.651042 0.884115 0.651042 0.832031 0.598958 0.832031
1 0.893229 0.578125 0.945312 0.578125 0.945312 0.526042 0.893229 0.526042
2 0.902344 0.709635 0.928385 0.709635 0.928385 0.683594 0.902344 0.683594
2 0.055990 0.967448 0.082031 0.967448 0.082031 0.941406 0.055990 0.941406
2 0.945312 0.550781 0.971354 0.550781 0.971354 0.524740 0.945312 0.524740
2 0.108073 0.078125 0.134115 0.078125 0.134115 0.052083 0.108073 0.052083
2 0.843750 0.608073 0.869792 0.608073 0.869792 0.582031 0.843750 0.582031
2 0.973958 0.600260 0.998698 0.600260 0.998698 0.574219 0.973958 0.574219
2 0.527344 0.130208 0.553385 0.130208 0.553385 0.104167 0.527344 0.104167
