0 0.464844 1.000000 0.575521 1.000000 0.410156 0.002604 0.299479 0.002604
1 0.829427 0.282552 0.881510 0.282552 0.881510 0.230469 0.829427 0.230469
1 0.727865 0.299479 0.779948 0.299479 0.779948 0.247396 0.727865 0.247396
1 0.299479 0.899740 0.351563 0.899740 0.351563 0.847656 0.299479 0.847656
1 0.001302 0.158854 0.044271 0.158854 0.044271 0.106771 0.001302 0.106771
1 0.001302 0.873698 0.029948 0.873698 0.029948 0.821615 0.001302 0.821615
2 0.147135 0.608073 0.173177 0.608073 0.173177 0.582031 0.147135 0.582031
2 0.308594 0.319010 0.334635 0.319010 0.334635 0.292969 0.308594 0.292969
2 0.914062 0.457031 0.940104 0.457031 0.940104 0.430990 0.914062 0.430990
2 0.682292 0.809896 0.708333 0.809896 0.708333 0.783854 0.682292 0.783854
2 0.330729 0.287760 0.356771 0.287760 0.356771 0.261719 0.330729 0.261719
2 0.669271 0.260417 0.695312 0.260417 0.695312 0.234375 0.669271 0.234375
2 0.805990 0.921875 0.832031 0.921875 0.832031 0.895833 0.805990 0.895833
2 0.113281 0.088542 0.139323 0.088542 0.139323 0.062500 0.113281 0.062500
