0 0.746094 1.000000 0.856771 1.000000 0.772135 0.005208 0.661458 0.002604
1 0.916667 0.803385 0.968750 0.803385 0.968750 0.751302 0.916667 0.751302
1 0.696615 0.062500 0.748698 0.062500 0.748698 0.010417 0.696615 0.010417
1 0.600260 0.149740 0.652344 0.149740 0.652344 0.097656 0.600260 0.097656
1 0.494792 0.158854 0.546875 0.158854 0.546875 0.106771 0.494792 0.106771
1 0.393229 0.167969 0.445312 0.167969 0.445312 0.115885 0.393229 0.115885
1 0.342448 0.511719 0.394531 0.511719 0.394531 0.459635 0.342448 0.459635
1 0.007812 0.567708 0.059896 0.567708 0.059896 0.515625 0.007812 0.515625
2 0.653646 0.459635 0.679688 0.459635 0.679688 0.433594 0.653646 0.433594
2 0.169271 0.291667 0.195312 0.291667 0.195312 0.265625 0.169271 0.265625
2 0.227865 0.078125 0.253906 0.078125 0.253906 0.052083 0.227865 0.052083
2 0.514323 0.993490 0.540365 0.993490 0.540365 0.967448 0.514323 0.967448
