0 0.002604 0.338542 1.000000 0.253906 1.000000 0.143229 0.005208 0.227865
1 0.751302 0.083333 0.803385 0.083333 0.803385 0.031250 0.751302 0.031250
1 0.010417 0.303385 0.062500 0.303385 0.062500 0.251302 0.010417 0.251302
1 0.097656 0.399740 0.149740 0.399740 0.149740 0.347656 0.097656 0.347656
1 0.106771 0.505208 0.158854 0.505208 0.158854 0.453125 0.106771 0.453125
1 0.115885 0.606771 0.167969 0.606771 0.167969 0.554688 0.115885 0.554688
1 0.459635 0.657552 0.511719 0.657552 0.511719 0.605469 0.459635 0.605469
1 0.515625 0.992188 0.567708 0.992188 0.567708 0.940104 0.515625 0.940104
2 0.433594 0.346354 0.459635 0.346354 0.459635 0.320312 0.433594 0.320312
2 0.265625 0.830729 0.291667 0.830729 0.291667 0.804688 0.265625 0.804688
2 0.052083 0.772135 0.078125 0.772135 0.078125 0.746094 0.052083 0.746094
2 0.967448 0.485677 0.993490 0.485677 0.993490 0.459635 0.967448 0.459635
