0 0.003906 0.670573 0.003906 0.781250 1.000000 0.617187 1.000000 0.506510
1 0.471354 0.183594 0.523438 0.183594 0.523437 0.131510 0.471354 0.131510
1 0.812500 0.338542 0.864583 0.338542 0.864583 0.286458 0.812500 0.286458
1 0.812500 0.496094 0.864583 0.496094 0.864583 0.444010 0.812500 0.444010
1 0.279948 0.794271 0.332031 0.794271 0.332031 0.742188 0.279948 0.742188
1 0.135417 0.871094 0.187500 0.871094 0.187500 0.819010 0.135417 0.819010
1 0.542969 0.936198 0.595052 0.936198 0.595052 0.884115 0.542969 0.884115
2 0.446615 0.346354 0.472656 0.346354 0.472656 0.320312 0.446615 0.320312
2 0.845052 0.204427 0.871094 0.204427 0.871094 0.178385 0.845052 0.178385
2 0.223958 0.753906 0.250000 0.753906 0.250000 0.727865 0.223958 0.727865
2 0.001302 0.131510 0.014323 0.131510 0.014323 0.105469 0.001302 0.105469
