0 0.485677 0.973958 0.596354 0.977865 0.548177 0.000000 0.437500 0.000000
1 0.046875 0.885417 0.098958 0.885417 0.098958 0.833333 0.046875 0.833333
1 0.186198 0.513021 0.238281 0.513021 0.238281 0.460938 0.186198 0.460938
1 0.484375 0.238281 0.536458 0.238281 0.536458 0.186198 0.484375 0.186198
1 0.489583 0.316406 0.541667 0.316406 0.541667 0.264323 0.489583 0.264323
1 0.835938 0.998698 0.888021 0.998698 0.888021 0.950521 0.835938 0.950521
1 0.934896 0.371094 0.986979 0.371094 0.986979 0.319010 0.934896 0.319010
1 0.960938 0.371094 0.998698 0.371094 0.998698 0.319010 0.960938 0.319010
2 0.611979 0.700521 0.638021 0.700521 0.638021 0.674479 0.611979 0.674479
2 0.703125 0.410156 0.729167 0.410156 0.729167 0.384115 0.703125 0.384115
