0 0.667969 1.000000 0.778646 1.000000 0.710938 0.018229 0.600260 0.015625
1 0.748698 0.351562 0.800781 0.351562 0.800781 0.299479 0.748698 0.299479
1 0.544271 0.783854 0.596354 0.783854 0.596354 0.731771 0.544271 0.731771
1 0.059896 0.190104 0.111979 0.190104 0.111979 0.138021 0.059896 0.138021
1 0.061198 0.606771 0.113281 0.606771 0.113281 0.554688 0.061198 0.554688
1 0.049479 0.816406 0.101562 0.816406 0.101562 0.764323 0.049479 0.764323
2 0.055990 0.869792 0.082031 0.869792 0.082031 0.843750 0.055990 0.843750
2 0.882812 0.760417 0.908854 0.760417 0.908854 0.734375 0.882812 0.734375
2 0.527344 0.158854 0.553385 0.158854 0.553385 0.132812 0.527344 0.132812
2 0.891927 0.891927 0.917969 0.891927 0.917969 0.865885 0.891927 0.865885
2 0.014323 0.638021 0.040365 0.638021 0.040365 0.611979 0.014323 0.611979
2 0.141927 0.602865 0.167969 0.602865 0.167969 0.576823 0.141927 0.576823
2 0.503906 0.576823 0.529948 0.576823 0.529948 0.550781 0.503906 0.550781
2 0.386719 0.351562 0.412760 0.351562 0.412760 0.325521 0.386719 0.325521
