0 0.019531 0.506510 1.000000 0.565104 1.000000 0.454427 0.016927 0.395833
1 0.240885 0.957031 0.292969 0.957031 0.292969 0.904948 0.240885 0.904948
1 0.242188 0.929688 0.294271 0.929688 0.294271 0.877604 0.242188 0.877604
1 0.595052 0.717448 0.647135 0.717448 0.647135 0.665365 0.595052 0.665365
1 0.135417 0.532552 0.187500 0.532552 0.187500 0.480469 0.135417 0.480469
1 0.001302 0.498698 0.032552 0.498698 0.032552 0.446615 0.001302 0.446615
1 0.018229 0.290365 0.070312 0.290365 0.070312 0.238281 0.018229 0.238281
1 0.697917 0.279948 0.750000 0.279948 0.750000 0.227865 0.697917 0.227865
1 0.890625 0.082031 0.942708 0.082031 0.942708 0.029948 0.890625 0.029948
2 0.559896 0.845052 0.585938 0.845052 0.585938 0.819010 0.559896 0.819010
2 0.898438 0.864583 0.924479 0.864583 0.924479 0.838542 0.898438 0.838542
2 0.114583 0.425781 0.140625 0.425781 0.140625 0.399740 0.114583 0.399740
2 0.428385 0.837240 0.454427 0.837240 0.454427 0.811198 0.428385 0.811198
2 0.908854 0.682292 0.934896 0.682292 0.934896 0.656250 0.908854 0.656250
2 0.290365 0.567708 0.316406 0.567708 0.316406 0.541667 0.290365 0.541667
