0 0.015625 0.376302 1.000000 0.300781 1.000000 0.190104 0.001302 0.266927
1 0.005208 0.195312 0.057292 0.195312 0.057292 0.143229 0.005208 0.143229
1 0.332031 0.352865 0.384115 0.352865 0.384115 0.300781 0.332031 0.300781
1 0.257812 0.411458 0.309896 0.411458 0.309896 0.359375 0.257812 0.359375
1 0.915365 0.493490 0.967448 0.493490 0.967448 0.441406 0.915365 0.441406
1 0.026042 0.794271 0.078125 0.794271 0.078125 0.742188 0.026042 0.742188
1 0.190104 0.911458 0.242188 0.911458 0.242188 0.859375 0.190104 0.859375
1 0.664062 0.954427 0.716146 0.954427 0.716146 0.902344 0.664062 0.902344
2 0.480469 0.265625 0.506510 0.265625 0.506510 0.239583 0.480469 0.239583
2 0.296875 0.904948 0.322917 0.904948 0.322917 0.878906 0.296875 0.878906
