0 0.595052 0.993490 0.705729 0.992188 0.816406 0.000000 0.705729 0.000000
1 0.888021 0.807292 0.940104 0.807292 0.940104 0.755208 0.888021 0.755208
1 0.850260 0.436198 0.902344 0.436198 0.902344 0.384115 0.850260 0.384115
1 0.843750 0.278646 0.895833 0.278646 0.895833 0.226563 0.843750 0.226563
1 0.794271 0.246094 0.846354 0.246094 0.846354 0.194010 0.794271 0.194010
1 0.712240 0.264323 0.764323 0.264323 0.764323 0.212240 0.712240 0.212240
1 0.113281 0.957031 0.165365 0.957031 0.165365 0.904948 0.113281 0.904948
1 0.110677 0.485677 0.162760 0.485677 0.162760 0.433594 0.110677 0.433594
1 0.080729 0.298177 0.132813 0.298177 0.132813 0.246094 0.080729 0.246094
2 0.307292 0.845052 0.333333 0.845052 0.333333 0.819010 0.307292 0.819010
