0 0.257812 1.000000 0.368490 1.000000 0.451823 0.014323 0.342448 0.001302
1 0.000000 0.069010 0.040365 0.069010 0.040365 0.016927 0.000000 0.016927
1 0.614583 0.407552 0.666667 0.407552 0.666667 0.355469 0.614583 0.355469
1 0.759115 0.236979 0.811198 0.236979 0.811198 0.184896 0.759115 0.184896
2 0.661458 0.125000 0.687500 0.125000 0.687500 0.098958 0.661458 0.098958
2 0.983073 0.671875 0.998698 0.671875 0.998698 0.645833 0.983073 0.645833
2 0.851562 1.000000 0.877604 1.000000 0.877604 0.975260 0.851562 0.975260
2 0.878906 0.977865 0.904948 0.977865 0.904948 0.951823 0.878906 0.951823
2 0.067708 0.674479 0.093750 0.674479 0.093750 0.648438 0.067708 0.648438
2 0.473958 0.187500 0.500000 0.187500 0.500000 0.161458 0.473958 0.161458
2 0.095052 0.023438 0.121094 0.023438 0.121094 0.001302 0.095052 0.001302
2 0.492188 0.291667 0.518229 0.291667 0.518229 0.265625 0.492188 0.265625
