0 0.886719 1.000000 0.997396 1.000000 0.998698 0.975260 0.923177 0.033854
1 0.125000 0.097656 0.177083 0.097656 0.177083 0.045573 0.125000 0.045573
1 0.128906 0.695312 0.180990 0.695312 0.180990 0.643229 0.128906 0.643229
1 0.229167 0.778646 0.281250 0.778646 0.281250 0.726562 0.229167 0.726562
1 0.325521 0.337240 0.377604 0.337240 0.377604 0.285156 0.325521 0.285156
1 0.768229 0.980469 0.820312 0.980469 0.820312 0.928385 0.768229 0.928385
1 0.811198 0.565104 0.863281 0.565104 0.863281 0.513021 0.811198 0.513021
2 0.805990 0.641927 0.832031 0.641927 0.832031 0.615885 0.805990 0.615885
2 0.867188 0.463542 0.893229 0.463542 0.893229 0.437500 0.867188 0.437500
2 0.529948 0.398438 0.555990 0.398438 0.555990 0.372396 0.529948 0.372396
2 0.338542 0.598958 0.364583 0.598958 0.364583 0.572917 0.338542 0.572917
2 0.832031 0.669271 0.858073 0.669271 0.858073 0.643229 0.832031 0.643229
2 0.028646 0.535156 0.054688 0.535156 0.054688 0.509115 0.028646 0.509115
2 0.253906 0.830729 0.279948 0.830729 0.279948 0.804688 0.253906 0.804688
2 0.230469 0.726562 0.256510 0.726562 0.256510 0.700521 0.230469 0.700521
