0 0.119792 1.000000 0.230469 1.000000 0.406250 0.001302 0.295573 0.002604
1 0.369792 0.058594 0.421875 0.058594 0.421875 0.006510 0.369792 0.006510
1 0.290365 0.971354 0.342448 0.971354 0.342448 0.919271 0.290365 0.919271
1 0.486979 0.449219 0.539062 0.449219 0.539062 0.397135 0.486979 0.397135
1 0.962240 0.296875 0.998698 0.296875 0.998698 0.244792 0.962240 0.244792
2 0.957031 0.320312 0.983073 0.320312 0.983073 0.294271 0.957031 0.294271
2 0.098958 0.536458 0.125000 0.536458 0.125000 0.510417 0.098958 0.510417
2 0.666667 0.769531 0.692708 0.769531 0.692708 0.743490 0.666667 0.743490
2 0.513021 0.583333 0.539062 0.583333 0.539062 0.557292 0.513021 0.557292
2 0.403646 0.460938 0.429688 0.460938 0.429688 0.434896 0.403646 0.434896
2 0.880208 0.463542 0.906250 0.463542 0.906250 0.437500 0.880208 0.437500
