0 0.180990 1.000000 0.291667 1.000000 0.257812 0.036458 0.147135 0.029948
1 0.861979 0.433594 0.914062 0.433594 0.914062 0.381510 0.861979 0.381510
1 0.744792 0.100260 0.796875 0.100260 0.796875 0.048177 0.744792 0.048177
1 0.666667 0.075521 0.718750 0.075521 0.718750 0.023438 0.666667 0.023438
1 0.544271 0.264323 0.596354 0.264323 0.596354 0.212240 0.544271 0.212240
1 0.373698 0.609375 0.425781 0.609375 0.425781 0.557292 0.373698 0.557292
1 0.332031 0.192708 0.384115 0.192708 0.384115 0.140625 0.332031 0.140625
1 0.274740 0.768229 0.326823 0.768229 0.326823 0.716146 0.274740 0.716146
2 0.743490 0.752604 0.769531 0.752604 0.769531 0.726562 0.743490 0.726562
2 0.963542 0.352865 0.989583 0.352865 0.989583 0.326823 0.963542 0.326823
2 0.013021 0.699219 0.039062 0.699219 0.039062 0.673177 0.013021 0.673177
2 0.904948 0.903646 0.930990 0.903646 0.930990 0.877604 0.904948 0.877604
