0 0.000000 0.417969 0.976562 0.372396 0.980469 0.261719 0.000000 0.308594
1 0.518229 0.941406 0.570313 0.941406 0.570313 0.889323 0.518229 0.889323
1 0.820312 0.718750 0.872396 0.718750 0.872396 0.666667 0.820312 0.666667
1 0.053385 0.468750 0.105469 0.468750 0.105469 0.416667 0.053385 0.416667
1 0.906250 0.324219 0.958333 0.324219 0.958333 0.272135 0.906250 0.272135
1 0.927083 0.194010 0.979167 0.194010 0.979167 0.141927 0.927083 0.141927
1 0.950521 0.111979 0.998698 0.111979 0.998698 0.059896 0.950521 0.059896
1 0.634115 0.050781 0.686198 0.050781 0.686198 0.001302 0.634115 0.001302
1 0.087240 0.050781 0.139323 0.050781 0.139323 0.001302 0.087240 0.001302
2 0.876302 0.220052 0.902344 0.220052 0.902344 0.194010 0.876302 0.194010
