0 0.566406 1.000000 0.675781 1.000000 0.585938 0.009115 0.475260 0.007812
1 0.966146 0.481771 1.000000 0.481771 1.000000 0.429688 0.966146 0.429688
1 0.964844 0.742188 1.000000 0.742188 1.000000 0.690104 0.964844 0.690104
1 0.128906 0.766927 0.180990 0.766927 0.180990 0.714844 0.128906 0.714844
2 0.493490 0.135417 0.519531 0.135417 0.519531 0.109375 0.493490 0.109375
2 0.500000 0.210938 0.526042 0.210938 0.526042 0.184896 0.500000 0.184896
2 0.283854 0.415365 0.309896 0.415365 0.309896 0.389323 0.283854 0.389323
2 0.240885 0.811198 0.266927 0.811198 0.266927 0.785156 0.240885 0.785156
2 0.957031 0.066406 0.983073 0.066406 0.983073 0.040365 0.957031 0.040365
2 0.649740 0.432292 0.675781 0.432292 0.675781 0.406250 0.649740 0.406250
