0 0.824219 0.983073 0.934896 0.977865 0.975260 0.000000 0.864583 0.000000
1 0.829427 0.774740 0.881510 0.774740 0.881510 0.722656 0.829427 0.722656
1 0.554688 0.450521 0.606771 0.450521 0.606771 0.398438 0.554688 0.398438
1 0.514323 0.813802 0.566406 0.813802 0.566406 0.761719 0.514323 0.761719
1 0.489583 0.811198 0.541667 0.811198 0.541667 0.759115 0.489583 0.759115
1 0.458333 0.941406 0.510417 0.941406 0.510417 0.889323 0.458333 0.889323
1 0.406250 0.938802 0.458333 0.938802 0.458333 0.886719 0.406250 0.886719
1 0.407552 0.261719 0.459635 0.261719 0.459635 0.209635 0.407552 0.209635
1 0.074219 0.717448 0.126302 0.717448 0.126302 0.665365 0.074219 0.665365
2 0.828125 0.799479 0.854167 0.799479 0.854167 0.773438 0.828125 0.773438
