0 0.766927 1.000000 0.877604 1.000000 0.842448 0.027344 0.731771 0.022135
1 0.917969 0.513021 0.970052 0.513021 0.970052 0.460938 0.917969 0.460938
1 0.764323 0.569010 0.816406 0.569010 0.816406 0.516927 0.764323 0.516927
1 0.604167 0.494792 0.656250 0.494792 0.656250 0.442708 0.604167 0.442708
1 0.546875 0.393229 0.598958 0.393229 0.598958 0.341146 0.546875 0.341146
1 0.322917 0.636719 0.375000 0.636719 0.375000 0.584635 0.322917 0.584635
1 0.072917 0.253906 0.125000 0.253906 0.125000 0.201823 0.072917 0.201823
1 0.028646 0.464844 0.080729 0.464844 0.080729 0.412760 0.028646 0.412760
1 0.001302 0.100260 0.042969 0.100260 0.042969 0.048177 0.001302 0.048177
2 0.617188 0.834635 0.643229 0.834635 0.643229 0.808594 0.617188 0.808594
