0 0.173177 1.000000 0.283854 1.000000 0.380208 0.010417 0.269531 0.013021
1 0.000000 0.638021 0.042969 0.638021 0.042969 0.585938 0.000000 0.585938
1 0.045573 0.903646 0.097656 0.903646 0.097656 0.851562 0.045573 0.851562
1 0.238281 0.503906 0.290365 0.503906 0.290365 0.451823 0.238281 0.451823
1 0.506510 0.450521 0.558594 0.450521 0.558594 0.398438 0.506510 0.398438
1 0.578125 0.537760 0.630208 0.537760 0.630208 0.485677 0.578125 0.485677
1 0.669271 0.675781 0.721354 0.675781 0.721354 0.623698 0.669271 0.623698
1 0.678385 0.574219 0.730469 0.574219 0.730469 0.522135 0.678385 0.522135
2 0.680990 0.807292 0.707031 0.807292 0.707031 0.781250 0.680990 0.781250
2 0.050781 0.563802 0.076823 0.563802 0.076823 0.537760 0.050781 0.537760
2 0.582031 0.746094 0.608073 0.746094 0.608073 0.720052 0.582031 0.720052
2 0.199219 0.654948 0.225260 0.654948 0.225260 0.628906 0.199219 0.628906
2 0.471354 0.264323 0.497396 0.264323 0.497396 0.238281 0.471354 0.238281
2 0.313802 0.798177 0.339844 0.798177 0.339844 0.772135 0.313802 0.772135
2 0.888021 0.276042 0.914062 0.276042 0.914062 0.250000 0.888021 0.250000
