0 0.352865 0.920573 0.463542 0.944010 0.455729 0.000000 0.345052 0.000000
1 0.161458 0.684896 0.213542 0.684896 0.213542 0.632812 0.161458 0.632812
1 0.191406 0.998698 0.243490 0.998698 0.243490 0.970052 0.191406 0.970052
1 0.236979 0.213542 0.289062 0.213542 0.289062 0.161458 0.236979 0.161458
1 0.313802 0.239583 0.365885 0.239583 0.365885 0.187500 0.313802 0.187500
1 0.837240 0.468750 0.889323 0.468750 0.889323 0.416667 0.837240 0.416667
1 0.838542 0.522135 0.890625 0.522135 0.890625 0.470052 0.838542 0.470052
2 0.320312 0.708333 0.346354 0.708333 0.346354 0.682292 0.320312 0.682292
2 0.188802 0.631510 0.214844 0.631510 0.214844 0.605469 0.188802 0.605469
2 0.317708 0.553385 0.343750 0.553385 0.343750 0.527344 0.317708 0.527344
2 0.497396 0.447917 0.523438 0.447917 0.523438 0.421875 0.497396 0.421875
2 0.208333 0.136719 0.234375 0.136719 0.234375 0.110677 0.208333 0.110677
