0 0.230469 0.988281 0.341146 0.985677 0.403646 0.000000 0.292969 0.000000
1 0.824219 0.364583 0.876302 0.364583 0.876302 0.312500 0.824219 0.312500
1 0.791667 0.884115 0.843750 0.884115 0.843750 0.832031 0.791667 0.832031
1 0.731771 0.998698 0.783854 0.998698 0.783854 0.959635 0.731771 0.959635
1 0.712240 0.488281 0.764323 0.488281 0.764323 0.436198 0.712240 0.436198
1 0.605469 0.924479 0.657552 0.924479 0.657552 0.872396 0.605469 0.872396
1 0.549479 0.998698 0.601562 0.998698 0.601562 0.946615 0.549479 0.946615
1 0.527344 0.528646 0.579427 0.528646 0.579427 0.476562 0.527344 0.476562
1 0.027344 0.157552 0.079427 0.157552 0.079427 0.105469 0.027344 0.105469
2 0.313802 0.998698 0.339844 0.998698 0.339844 0.983073 0.313802 0.983073
2 0.398438 0.076823 0.424479 0.076823 0.424479 0.050781 0.398438 0.050781
2 0.799479 0.335938 0.825521 0.335938 0.825521 0.309896 0.799479 0.309896
2 0.029948 0.548177 0.055990 0.548177 0.055990 0.522135 0.029948 0.522135
2 0.959635 0.658854 0.985677 0.658854 0.985677 0.632812 0.959635 0.632812
