0 0.000000 0.058594 0.528646 0.001302 0.000000 0.001302 0.000000 0.001302
1 0.832031 0.933594 0.884115 0.933594 0.884115 0.881510 0.832031 0.881510
1 0.930990 0.398437 0.983073 0.398437 0.983073 0.346354 0.930990 0.346354
1 0.165365 0.324219 0.217448 0.324219 0.217448 0.272135 0.165365 0.272135
1 0.902344 0.141927 0.954427 0.141927 0.954427 0.089844 0.902344 0.089844
2 0.574219 0.726562 0.600260 0.726562 0.600260 0.700521 0.574219 0.700521
2 0.721354 0.395833 0.747396 0.395833 0.747396 0.369792 0.721354 0.369792
2 0.467448 0.476562 0.493490 0.476562 0.493490 0.450521 0.467448 0.450521
2 0.230469 0.946615 0.256510 0.946615 0.256510 0.920573 0.230469 0.920573
2 0.746094 0.369792 0.772135 0.369792 0.772135 0.343750 0.746094 0.343750
