0 0.014323 0.832031 1.000000 0.893229 1.000000 0.782552 0.010417 0.721354
1 0.186198 1.000000 0.238281 1.000000 0.238281 0.951823 0.186198 0.951823
1 0.110677 0.921875 0.162760 0.921875 0.162760 0.869792 0.110677 0.869792
1 0.846354 0.837240 0.898438 0.837240 0.898438 0.785156 0.846354 0.785156
1 0.821615 0.834635 0.873698 0.834635 0.873698 0.782552 0.821615 0.782552
1 0.694010 0.774740 0.746094 0.774740 0.746094 0.722656 0.694010 0.722656
1 0.001302 0.733073 0.045573 0.733073 0.045573 0.680990 0.001302 0.680990
1 0.085938 0.476562 0.138021 0.476562 0.138021 0.424479 0.085938 0.424479
2 0.886719 0.186198 0.912760 0.186198 0.912760 0.160156 0.886719 0.160156
2 0.493490 0.631510 0.519531 0.631510 0.519531 0.605469 0.493490 0.605469
2 0.545573 0.634115 0.571615 0.634115 0.571615 0.608073 0.545573 0.608073
2 0.638021 0.406250 0.664062 0.406250 0.664062 0.380208 0.638021 0.380208
