0 0.000000 0.903646 0.925781 0.891927 0.941406 0.781250 0.000000 0.792969
1 0.290365 0.606771 0.342448 0.606771 0.342448 0.554688 0.290365 0.554688
1 0.683594 0.602865 0.735677 0.602865 0.735677 0.550781 0.683594 0.550781
1 0.549479 0.342448 0.601562 0.342448 0.601562 0.290365 0.549479 0.290365
1 0.053385 0.270833 0.105469 0.270833 0.105469 0.218750 0.053385 0.218750
1 0.781250 0.210937 0.833333 0.210937 0.833333 0.158854 0.781250 0.158854
1 0.052083 0.194010 0.104167 0.194010 0.104167 0.141927 0.052083 0.141927
1 0.183594 0.192708 0.235677 0.192708 0.235677 0.140625 0.183594 0.140625
1 0.755208 0.028646 0.807292 0.028646 0.807292 0.001302 0.755208 0.001302
2 0.756510 0.290365 0.782552 0.290365 0.782552 0.264323 0.756510 0.264323
2 0.085938 0.845052 0.111979 0.845052 0.111979 0.819010 0.085938 0.819010
2 0.891927 0.600260 0.917969 0.600260 0.917969 0.574219 0.891927 0.574219
2 0.316406 0.580729 0.342448 0.580729 0.342448 0.554688 0.316406 0.554688
2 0.058594 0.558594 0.084635 0.558594 0.084635 0.532552 0.058594 0.532552
2 0.761719 0.627604 0.787760 0.627604 0.787760 0.601562 0.761719 0.601562
