0 0.382812 1.000000 0.493490 1.000000 0.329427 0.003906 0.218750 0.003906
1 0.816406 0.523438 0.868490 0.523438 0.868490 0.471354 0.816406 0.471354
1 0.661458 0.864583 0.713542 0.864583 0.713542 0.812500 0.661458 0.812500
1 0.503906 0.864583 0.555990 0.864583 0.555990 0.812500 0.503906 0.812500
1 0.205729 0.332031 0.257812 0.332031 0.257812 0.279948 0.205729 0.279948
1 0.128906 0.187500 0.180990 0.187500 0.180990 0.135417 0.128906 0.135417
1 0.063802 0.595052 0.115885 0.595052 0.115885 0.542969 0.063802 0.542969
2 0.653646 0.472656 0.679688 0.472656 0.679688 0.446615 0.653646 0.446615
2 0.795573 0.871094 0.821615 0.871094 0.821615 0.845052 0.795573 0.845052
2 0.246094 0.250000 0.272135 0.250000 0.272135 0.223958 0.246094 0.223958
2 0.868490 0.014323 0.894531 0.014323 0.894531 0.001302 0.868490 0.001302
