0 0.000000 0.850260 0.986979 0.815104 0.993490 0.704427 0.000000 0.740885
1 0.826823 0.930990 0.878906 0.930990 0.878906 0.878906 0.826823 0.878906
1 0.145833 0.877604 0.197917 0.877604 0.197917 0.825521 0.145833 0.825521
1 0.352865 0.817708 0.404948 0.817708 0.404948 0.765625 0.352865 0.765625
1 0.509115 0.787760 0.561198 0.787760 0.561198 0.735677 0.509115 0.735677
1 0.447917 0.553385 0.500000 0.553385 0.500000 0.501302 0.447917 0.501302
1 0.575521 0.444010 0.627604 0.444010 0.627604 0.391927 0.575521 0.391927
1 0.416667 0.424479 0.468750 0.424479 0.468750 0.372396 0.416667 0.372396
1 0.695312 0.153646 0.747396 0.153646 0.747396 0.101562 0.695312 0.101562
2 0.791667 0.645833 0.817708 0.645833 0.817708 0.619792 0.791667 0.619792
2 0.694010 0.154948 0.720052 0.154948 0.720052 0.128906 0.694010 0.128906
