0 1.000000 0.347656 1.000000 0.236979 0.007813 0.125000 0.009115 0.235677
1 0.085937 0.955729 0.138021 0.955729 0.138021 0.903646 0.085937 0.903646
1 0.152344 0.832031 0.204427 0.832031 0.204427 0.779948 0.152344 0.779948
1 0.361979 0.826823 0.414062 0.826823 0.414062 0.774740 0.361979 0.774740
1 0.261719 0.790365 0.313802 0.790365 0.313802 0.738281 0.261719 0.738281
1 0.851562 0.673177 0.903646 0.673177 0.903646 0.621094 0.851562 0.621094
1 0.161458 0.281250 0.213542 0.281250 0.213542 0.229167 0.161458 0.229167
1 0.791667 0.273438 0.843750 0.273438 0.843750 0.221354 0.791667 0.221354
1 0.424479 0.049479 0.476563 0.049479 0.476563 0.001302 0.424479 0.001302
2 0.210938 0.075521 0.236979 0.075521 0.236979 0.049479 0.210938 0.049479
2 0.225260 0.393229 0.251302 0.393229 0.251302 0.367188 0.225260 0.367188
2 0.109375 0.484375 0.135417 0.484375 0.135417 0.458333 0.109375 0.458333
2 0.662760 0.468750 0.688802 0.468750 0.688802 0.442708 0.662760 0.442708
2 0.875000 0.674479 0.901042 0.674479 0.901042 0.648438 0.875000 0.648438
2 0.363281 0.328125 0.389323 0.328125 0.389323 0.302083 0.363281 0.302083
2 0.015625 0.160156 0.041667 0.160156 0.041667 0.134115 0.015625 0.134115
