0 0.001302 0.574219 0.009115 0.683594 1.000000 0.539062 1.000000 0.429688
1 0.873698 0.179688 0.925781 0.179688 0.925781 0.127604 0.873698 0.127604
1 0.027344 0.351562 0.079427 0.351562 0.079427 0.299479 0.027344 0.299479
1 0.022135 0.670573 0.074219 0.670573 0.074219 0.618490 0.022135 0.618490
1 0.750000 0.615885 0.802083 0.615885 0.802083 0.563802 0.750000 0.563802
1 0.420573 0.690104 0.472656 0.690104 0.472656 0.638021 0.420573 0.638021
2 0.079427 0.321615 0.105469 0.321615 0.105469 0.295573 0.079427 0.295573
2 0.117188 0.053385 0.143229 0.053385 0.143229 0.027344 0.117188 0.027344
2 0.218750 0.750000 0.244792 0.750000 0.244792 0.723958 0.218750 0.723958
2 0.826823 0.950521 0.852865 0.950521 0.852865 0.924479 0.826823 0.924479
2 0.643229 0.765625 0.669271 0.765625 0.669271 0.739583 0.643229 0.739583
