0 0.795573 1.000000 0.906250 1.000000 0.770833 0.001302 0.661458 0.009115
1 0.936198 0.833333 0.988281 0.833333 0.988281 0.781250 0.936198 0.781250
1 0.867188 0.316406 0.919271 0.316406 0.919271 0.264323 0.867188 0.264323
1 0.739583 0.937500 0.791667 0.937500 0.791667 0.885417 0.739583 0.885417
2 0.572917 0.645833 0.598958 0.645833 0.598958 0.619792 0.572917 0.619792
2 0.046875 0.454427 0.072917 0.454427 0.072917 0.428385 0.046875 0.428385
2 0.361979 0.253906 0.388021 0.253906 0.388021 0.227865 0.361979 0.227865
2 0.019531 0.643229 0.045573 0.643229 0.045573 0.617188 0.019531 0.617188
2 0.009115 0.381510 0.035156 0.381510 0.035156 0.355469 0.009115 0.355469
2 0.347656 0.151042 0.373698 0.151042 0.373698 0.125000 0.347656 0.125000
