0 1.000000 0.072917 1.000000 0.001302 1.000000 0.001302 0.460938 0.001302
1 0.295573 0.895833 0.347656 0.895833 0.347656 0.843750 0.295573 0.843750
1 0.001302 0.486979 0.032552 0.486979 0.032552 0.434896 0.001302 0.434896
1 0.066406 0.445312 0.118490 0.445312 0.118490 0.393229 0.066406 0.393229
1 0.227865 0.416667 0.279948 0.416667 0.279948 0.364583 0.227865 0.364583
1 0.626302 0.363281 0.678385 0.363281 0.678385 0.311198 0.626302 0.311198
1 0.582031 0.304688 0.634115 0.304688 0.634115 0.252604 0.582031 0.252604
2 0.752604 0.588542 0.778646 0.588542 0.778646 0.562500 0.752604 0.562500
2 0.628906 0.125000 0.654948 0.125000 0.654948 0.098958 0.628906 0.098958
2 0.401042 0.671875 0.427083 0.671875 0.427083 0.645833 0.401042 0.645833
2 0.947917 0.114583 0.973958 0.114583 0.973958 0.088542 0.947917 0.088542
