0 0.020833 0.753906 1.000000 0.776042 1.000000 0.665365 0.011719 0.643229
1 0.782552 0.740885 0.834635 0.740885 0.834635 0.688802 0.782552 0.688802
1 0.007812 0.386719 0.059896 0.386719 0.059896 0.334635 0.007812 0.334635
1 0.141927 0.259115 0.194010 0.259115 0.194010 0.207031 0.141927 0.207031
1 0.720052 0.088542 0.772135 0.088542 0.772135 0.036458 0.720052 0.036458
2 0.295573 0.315104 0.321615 0.315104 0.321615 0.289062 0.295573 0.289062
2 0.114583 0.257812 0.140625 0.257812 0.140625 0.231771 0.114583 0.231771
2 0.492188 0.864583 0.518229 0.864583 0.518229 0.838542 0.492188 0.838542
2 0.233073 0.833333 0.259115 0.833333 0.259115 0.807292 0.233073 0.807292
2 0.841146 0.352865 0.867188 0.352865 0.867188 0.326823 0.841146 0.326823
2 0.705729 0.636719 0.731771 0.636719 0.731771 0.610677 0.705729 0.610677
2 0.251302 0.027344 0.277344 0.027344 0.277344 0.001302 0.251302 0.001302
2 0.523438 0.606771 0.549479 0.606771 0.549479 0.580729 0.523438 0.580729
