0 0.010417 0.986979 1.000000 0.920573 1.000000 0.809896 0.013021 0.876302
1 0.234375 0.071615 0.286458 0.071615 0.286458 0.019531 0.234375 0.019531
1 0.072917 0.369792 0.125000 0.369792 0.125000 0.317708 0.072917 0.317708
1 0.881510 0.759115 0.933594 0.759115 0.933594 0.707031 0.881510 0.707031
1 0.470052 0.838542 0.522135 0.838542 0.522135 0.786458 0.470052 0.786458
2 0.417969 0.842448 0.444010 0.842448 0.444010 0.816406 0.417969 0.816406
2 0.613281 0.256510 0.639323 0.256510 0.639323 0.230469 0.613281 0.230469
2 0.273438 0.617188 0.299479 0.617188 0.299479 0.591146 0.273438 0.591146
2 0.500000 0.889323 0.526042 0.889323 0.526042 0.863281 0.500000 0.863281
2 0.847656 0.213542 0.873698 0.213542 0.873698 0.187500 0.847656 0.187500
2 0.028646 0.477865 0.054688 0.477865 0.054688 0.451823 0.028646 0.451823
2 0.371094 0.923177 0.397135 0.923177 0.397135 0.897135 0.371094 0.897135
