0 0.016927 0.604167 1.000000 0.545573 1.000000 0.434896 0.019531 0.493490
1 0.240885 0.095052 0.292969 0.095052 0.292969 0.042969 0.240885 0.042969
1 0.242188 0.122396 0.294271 0.122396 0.294271 0.070312 0.242188 0.070312
1 0.595052 0.334635 0.647135 0.334635 0.647135 0.282552 0.595052 0.282552
1 0.135417 0.519531 0.187500 0.519531 0.187500 0.467448 0.135417 0.467448
1 0.001302 0.553385 0.032552 0.553385 0.032552 0.501302 0.001302 0.501302
1 0.018229 0.761719 0.070312 0.761719 0.070312 0.709635 0.018229 0.709635
1 0.697917 0.772135 0.750000 0.772135 0.750000 0.720052 0.697917 0.720052
1 0.890625 0.970052 0.942708 0.970052 0.942708 0.917969 0.890625 0.917969
2 0.559896 0.180990 0.585938 0.180990 0.585938 0.154948 0.559896 0.154948
2 0.898438 0.161458 0.924479 0.161458 0.924479 0.135417 0.898438 0.135417
2 0.114583 0.600260 0.140625 0.600260 0.140625 0.574219 0.114583 0.574219
2 0.428385 0.188802 0.454427 0.188802 0.454427 0.162760 0.428385 0.162760
2 0.908854 0.343750 0.934896 0.343750 0.934896 0.317708 0.908854 0.317708
2 0.290365 0.458333 0.316406 0.458333 0.316406 0.432292 0.290365 0.432292
