0 0.006510 0.863281 0.005208 0.973958 1.000000 0.817708 1.000000 0.707031
1 0.911458 0.113281 0.963542 0.113281 0.963542 0.061198 0.911458 0.061198
1 0.364583 0.330729 0.416667 0.330729 0.416667 0.278646 0.364583 0.278646
1 0.786458 0.319010 0.838542 0.319010 0.838542 0.266927 0.786458 0.266927
1 0.453125 0.395833 0.505208 0.395833 0.505208 0.343750 0.453125 0.343750
1 0.772135 0.743490 0.824219 0.743490 0.824219 0.691406 0.772135 0.691406
1 0.054688 0.880208 0.106771 0.880208 0.106771 0.828125 0.054688 0.828125
1 0.792969 0.871094 0.845052 0.871094 0.845052 0.819010 0.792969 0.819010
2 0.527344 0.677083 0.553385 0.677083 0.553385 0.651042 0.527344 0.651042
2 0.759115 0.140625 0.785156 0.140625 0.785156 0.114583 0.759115 0.114583
2 0.954427 0.716146 0.980469 0.716146 0.980469 0.690104 0.954427 0.690104
2 0.524740 0.834635 0.550781 0.834635 0.550781 0.808594 0.524740 0.808594
2 0.679688 0.812500 0.705729 0.812500 0.705729 0.786458 0.679688 0.786458
2 0.492188 0.286458 0.518229 0.286458 0.518229 0.260417 0.492188 0.260417
2 0.496094 0.313802 0.522135 0.313802 0.522135 0.287760 0.496094 0.287760
2 0.772135 0.903646 0.798177 0.903646 0.798177 0.877604 0.772135 0.877604
