0 0.036458 0.240885 1.000000 0.272135 1.000000 0.161458 0.029948 0.130208
1 0.832031 0.746094 0.884115 0.746094 0.884115 0.694010 0.832031 0.694010
1 0.161458 0.516927 0.213542 0.516927 0.213542 0.464844 0.161458 0.464844
1 0.372396 0.471354 0.424479 0.471354 0.424479 0.419271 0.372396 0.419271
1 0.427083 0.369792 0.479167 0.369792 0.479167 0.317708 0.427083 0.317708
1 0.924479 0.281250 0.976562 0.281250 0.976562 0.229167 0.924479 0.229167
1 0.776042 0.066406 0.828125 0.066406 0.828125 0.014323 0.776042 0.014323
2 0.515625 0.916667 0.541667 0.916667 0.541667 0.890625 0.515625 0.890625
2 0.243490 0.388021 0.269531 0.388021 0.269531 0.361979 0.243490 0.361979
2 0.597656 0.738281 0.623698 0.738281 0.623698 0.712240 0.597656 0.712240
