0 0.998698 0.657552 0.998698 0.000000 0.998698 0.000000 0.889323 0.000000
1 0.197917 0.938802 0.250000 0.938802 0.250000 0.886719 0.197917 0.886719
1 0.378906 0.752604 0.430990 0.752604 0.430990 0.700521 0.378906 0.700521
1 0.398438 0.063802 0.450521 0.063802 0.450521 0.011719 0.398438 0.011719
1 0.427083 0.243490 0.479167 0.243490 0.479167 0.191406 0.427083 0.191406
1 0.593750 0.611979 0.645833 0.611979 0.645833 0.559896 0.593750 0.559896
1 0.700521 0.144531 0.752604 0.144531 0.752604 0.092448 0.700521 0.092448
1 0.899740 0.877604 0.951823 0.877604 0.951823 0.825521 0.899740 0.825521
2 0.945312 0.660156 0.971354 0.660156 0.971354 0.634115 0.945312 0.634115
2 0.604167 0.348958 0.630208 0.348958 0.630208 0.322917 0.604167 0.322917
2 0.313802 0.343750 0.339844 0.343750 0.339844 0.317708 0.313802 0.317708
2 0.946615 0.819010 0.972656 0.819010 0.972656 0.792969 0.946615 0.792969
2 0.184896 0.839844 0.210938 0.839844 0.210938 0.813802 0.184896 0.813802
2 0.677083 0.309896 0.703125 0.309896 0.703125 0.283854 0.677083 0.283854
