0 1.000000 0.420573 1.000000 0.309896 0.001302 0.188802 0.002604 0.299479
1 0.753906 0.821615 0.805990 0.821615 0.805990 0.769531 0.753906 0.769531
1 0.731771 0.792969 0.783854 0.792969 0.783854 0.740885 0.731771 0.740885
1 0.971354 0.743490 1.000000 0.743490 1.000000 0.691406 0.971354 0.691406
1 0.437500 0.627604 0.489583 0.627604 0.489583 0.575521 0.437500 0.575521
1 0.475260 0.527344 0.527344 0.527344 0.527344 0.475260 0.475260 0.475260
1 0.451823 0.496094 0.503906 0.496094 0.503906 0.444010 0.451823 0.444010
1 0.484375 0.238281 0.536458 0.238281 0.536458 0.186198 0.484375 0.186198
1 0.548177 0.143229 0.600260 0.143229 0.600260 0.091146 0.548177 0.091146
2 0.205729 0.990885 0.231771 0.990885 0.231771 0.964844 0.205729 0.964844
2 0.236979 0.522135 0.263021 0.522135 0.263021 0.496094 0.236979 0.496094
2 0.510417 0.658854 0.536458 0.658854 0.536458 0.632812 0.510417 0.632812
2 0.140625 0.250000 0.166667 0.250000 0.166667 0.223958 0.140625 0.223958
2 0.661458 0.705729 0.687500 0.705729 0.687500 0.679688 0.661458 0.679688
2 0.502604 0.921875 0.528646 0.921875 0.528646 0.895833 0.502604 0.895833
2 0.178385 0.803385 0.204427 0.803385 0.204427 0.777344 0.178385 0.777344
2 0.529948 0.925781 0.555990 0.925781 0.555990 0.899740 0.529948 0.899740
