0 0.009115 0.201823 1.000000 0.087240 0.802083 0.000000 0.010417 0.091146
1 0.240885 0.316406 0.292969 0.316406 0.292969 0.264323 0.240885 0.264323
1 0.084635 0.334635 0.136719 0.334635 0.136719 0.282552 0.084635 0.282552
1 0.825521 0.378906 0.877604 0.378906 0.877604 0.326823 0.825521 0.326823
1 0.786458 0.962240 0.838542 0.962240 0.838542 0.910156 0.786458 0.910156
2 0.886719 0.453125 0.912760 0.453125 0.912760 0.427083 0.886719 0.427083
2 0.451823 0.320312 0.477865 0.320312 0.477865 0.294271 0.451823 0.294271
2 0.446615 0.503906 0.472656 0.503906 0.472656 0.477865 0.446615 0.477865
2 0.324219 0.334635 0.350260 0.334635 0.350260 0.308594 0.324219 0.308594
2 0.110677 0.541667 0.136719 0.541667 0.136719 0.515625 0.110677 0.515625
