0 0.000000 0.072917 0.539062 0.001302 0.000000 0.001302 0.000000 0.001302
1 0.652344 0.895833 0.704427 0.895833 0.704427 0.843750 0.652344 0.843750
1 0.967448 0.486979 0.998698 0.486979 0.998698 0.434896 0.967448 0.434896
1 0.881510 0.445312 0.933594 0.445312 0.933594 0.393229 0.881510 0.393229
1 0.720052 0.416667 0.772135 0.416667 0.772135 0.364583 0.720052 0.364583
1 0.321615 0.363281 0.373698 0.363281 0.373698 0.311198 0.321615 0.311198
1 0.365885 0.304688 0.417969 0.304688 0.417969 0.252604 0.365885 0.252604
2 0.221354 0.588542 0.247396 0.588542 0.247396 0.562500 0.221354 0.562500
2 0.345052 0.125000 0.371094 0.125000 0.371094 0.098958 0.345052 0.098958
2 0.572917 0.671875 0.598958 0.671875 0.598958 0.645833 0.572917 0.645833
2 0.026042 0.114583 0.052083 0.114583 0.052083 0.088542 0.026042 0.088542
