0 0.000000 0.070312 0.985677 0.141927 0.983073 0.031250 0.552083 0.000000
1 0.522135 0.945312 0.574219 0.945312 0.574219 0.893229 0.522135 0.893229
2 0.868490 0.813802 0.894531 0.813802 0.894531 0.787760 0.868490 0.787760
2 0.791667 0.442708 0.817708 0.442708 0.817708 0.416667 0.791667 0.416667
2 0.722656 0.307292 0.748698 0.307292 0.748698 0.281250 0.722656 0.281250
2 0.882812 0.631510 0.908854 0.631510 0.908854 0.605469 0.882812 0.605469
2 0.509115 0.369792 0.535156 0.369792 0.535156 0.343750 0.509115 0.343750
2 0.108073 0.160156 0.134115 0.160156 0.134115 0.134115 0.108073 0.134115
2 0.940104 0.559896 0.966146 0.559896 0.966146 0.533854 0.940104 0.533854
2 0.473958 0.132812 0.500000 0.132812 0.500000 0.106771 0.473958 0.106771
