0 0.000000 0.518229 0.000000 0.628906 0.996094 0.458333 0.996094 0.347656
1 0.733073 0.959635 0.785156 0.959635 0.785156 0.907552 0.733073 0.907552
1 0.457031 0.898438 0.509115 0.898438 0.509115 0.846354 0.457031 0.846354
1 0.949219 0.684896 0.998698 0.684896 0.998698 0.632812 0.949219 0.632812
1 0.122396 0.798177 0.174479 0.798177 0.174479 0.746094 0.122396 0.746094
1 0.970052 0.654948 0.998698 0.654948 0.998698 0.602865 0.970052 0.602865
1 0.861979 0.328125 0.914062 0.328125 0.914062 0.276042 0.861979 0.276042
1 0.575521 0.351562 0.627604 0.351562 0.627604 0.299479 0.575521 0.299479
2 0.063802 0.598958 0.089844 0.598958 0.089844 0.572917 0.063802 0.572917
2 0.528646 0.678385 0.554688 0.678385 0.554688 0.652344 0.528646 0.652344
2 0.889323 0.167969 0.915365 0.167969 0.915365 0.141927 0.889323 0.141927
2 0.829427 0.125000 0.855469 0.125000 0.855469 0.098958 0.829427 0.098958
2 0.070312 0.466146 0.096354 0.466146 0.096354 0.440104 0.070312 0.440104
2 0.080729 0.542969 0.106771 0.542969 0.106771 0.516927 0.080729 0.516927
