0 0.000000 0.559896 0.000000 0.670573 0.994792 0.546875 0.997396 0.436198
1 0.805990 0.878906 0.858073 0.878906 0.858073 0.826823 0.805990 0.826823
1 0.967448 0.490885 0.998698 0.490885 0.998698 0.438802 0.967448 0.438802
1 0.731771 0.494792 0.783854 0.494792 0.783854 0.442708 0.731771 0.442708
1 0.936198 0.442708 0.988281 0.442708 0.988281 0.390625 0.936198 0.390625
1 0.902344 0.394531 0.954427 0.394531 0.954427 0.342448 0.902344 0.342448
2 0.011719 0.375000 0.037760 0.375000 0.037760 0.348958 0.011719 0.348958
2 0.049479 0.895833 0.075521 0.895833 0.075521 0.869792 0.049479 0.869792
2 0.950521 0.757812 0.976562 0.757812 0.976562 0.731771 0.950521 0.731771
2 0.865885 0.716146 0.891927 0.716146 0.891927 0.690104 0.865885 0.690104
