0 1.000000 1.000000 1.000000 0.889323 0.006510 0.752604 0.007812 0.863281
1 0.872396 0.897135 0.924479 0.897135 0.924479 0.845052 0.872396 0.845052
1 0.365885 0.748698 0.417969 0.748698 0.417969 0.696615 0.365885 0.696615
1 0.632812 0.520833 0.684896 0.520833 0.684896 0.468750 0.632812 0.468750
1 0.276042 0.446615 0.328125 0.446615 0.328125 0.394531 0.276042 0.394531
1 0.613281 0.467448 0.665365 0.467448 0.665365 0.415365 0.613281 0.415365
1 0.648438 0.208333 0.700521 0.208333 0.700521 0.156250 0.648438 0.156250
1 0.001302 0.065104 0.036458 0.065104 0.036458 0.013021 0.001302 0.013021
2 0.597656 0.567708 0.623698 0.567708 0.623698 0.541667 0.597656 0.541667
2 0.407552 0.804688 0.433594 0.804688 0.433594 0.778646 0.407552 0.778646
2 0.520833 0.557292 0.546875 0.557292 0.546875 0.531250 0.520833 0.531250
2 0.895833 0.898438 0.921875 0.898438 0.921875 0.872396 0.895833 0.872396
2 0.397135 0.121094 0.423177 0.121094 0.423177 0.095052 0.397135 0.095052
