0 0.000000 0.091146 0.997396 0.182292 0.994792 0.071615 0.200521 0.000000
1 0.143229 0.128906 0.195312 0.128906 0.195312 0.076823 0.143229 0.076823
1 0.730469 0.286458 0.782552 0.286458 0.782552 0.234375 0.730469 0.234375
1 0.505208 0.738281 0.557292 0.738281 0.557292 0.686198 0.505208 0.686198
1 0.835938 0.847656 0.888021 0.847656 0.888021 0.795573 0.835938 0.795573
1 0.470052 0.839844 0.522135 0.839844 0.522135 0.787760 0.470052 0.787760
1 0.953125 0.998698 0.998698 0.998698 0.998698 0.959635 0.953125 0.959635
1 0.141927 0.998698 0.194010 0.998698 0.194010 0.964844 0.141927 0.964844
2 0.160156 0.809896 0.186198 0.809896 0.186198 0.783854 0.160156 0.783854
2 0.110677 0.778646 0.136719 0.778646 0.136719 0.752604 0.110677 0.752604
