0 1.000000 0.906250 1.000000 0.795573 0.002604 0.627604 0.003906 0.738281
1 0.320312 0.817708 0.372396 0.817708 0.372396 0.765625 0.320312 0.765625
1 0.739583 0.675781 0.791667 0.675781 0.791667 0.623698 0.739583 0.623698
1 0.139323 0.470052 0.191406 0.470052 0.191406 0.417969 0.139323 0.417969
1 0.251302 0.437500 0.303385 0.437500 0.303385 0.385417 0.251302 0.385417
1 0.929688 0.497396 0.981771 0.497396 0.981771 0.445313 0.929688 0.445313
1 0.779948 0.287760 0.832031 0.287760 0.832031 0.235677 0.779948 0.235677
1 0.411458 0.119792 0.463542 0.119792 0.463542 0.067708 0.411458 0.067708
2 0.373698 0.480469 0.399740 0.480469 0.399740 0.454427 0.373698 0.454427
2 0.678385 0.875000 0.704427 0.875000 0.704427 0.848958 0.678385 0.848958
2 0.276042 0.596354 0.302083 0.596354 0.302083 0.570312 0.276042 0.570312
2 0.191406 0.477865 0.217448 0.477865 0.217448 0.451823 0.191406 0.451823
2 0.097656 0.408854 0.123698 0.408854 0.123698 0.382812 0.097656 0.382812
2 0.054688 0.347656 0.080729 0.347656 0.080729 0.321615 0.054688 0.321615
2 0.632812 0.523438 0.658854 0.523438 0.658854 0.497396 0.632812 0.497396
2 0.699219 0.904948 0.725260 0.904948 0.725260 0.878906 0.699219 0.878906
