0 1.000000 0.906250 1.000000 0.795573 0.009115 0.661458 0.001302 0.770833
1 0.781250 0.988281 0.833333 0.988281 0.833333 0.936198 0.781250 0.936198
1 0.264323 0.919271 0.316406 0.919271 0.316406 0.867188 0.264323 0.867188
1 0.885417 0.791667 0.937500 0.791667 0.937500 0.739583 0.885417 0.739583
2 0.619792 0.598958 0.645833 0.598958 0.645833 0.572917 0.619792 0.572917
2 0.428385 0.072917 0.454427 0.072917 0.454427 0.046875 0.428385 0.046875
2 0.227865 0.388021 0.253906 0.388021 0.253906 0.361979 0.227865 0.361979
2 0.617188 0.045573 0.643229 0.045573 0.643229 0.019531 0.617188 0.019531
2 0.355469 0.035156 0.381510 0.035156 0.381510 0.009115 0.355469 0.009115
2 0.125000 0.373698 0.151042 0.373698 0.151042 0.347656 0.125000 0.347656
