0 0.147135 0.986979 0.257812 0.984375 0.337240 0.000000 0.226563 -0.000000
1 0.514323 0.997396 0.566406 0.997396 0.566406 0.945312 0.514323 0.945312
1 0.492188 0.630208 0.544271 0.630208 0.544271 0.578125 0.492188 0.578125
1 0.441406 0.287760 0.493490 0.287760 0.493490 0.235677 0.441406 0.235677
1 0.358073 0.358073 0.410156 0.358073 0.410156 0.305990 0.358073 0.305990
1 0.195313 0.111979 0.247396 0.111979 0.247396 0.059896 0.195313 0.059896
1 0.010417 0.776042 0.062500 0.776042 0.062500 0.723958 0.010417 0.723958
2 0.662760 0.434896 0.688802 0.434896 0.688802 0.408854 0.662760 0.408854
2 0.648438 0.303385 0.674479 0.303385 0.674479 0.277344 0.648438 0.277344
2 0.532552 0.764323 0.558594 0.764323 0.558594 0.738281 0.532552 0.738281
2 0.214844 0.477865 0.240885 0.477865 0.240885 0.451823 0.214844 0.451823
2 0.001302 0.304687 0.020833 0.304687 0.020833 0.278646 0.001302 0.278646
2 0.500000 0.839844 0.526042 0.839844 0.526042 0.813802 0.500000 0.813802
2 0.302083 0.041667 0.328125 0.041667 0.328125 0.015625 0.302083 0.015625
