0 0.001302 0.407552 1.000000 0.502604 1.000000 0.391927 0.013021 0.298177
1 0.640625 0.986979 0.692708 0.986979 0.692708 0.934896 0.640625 0.934896
1 0.071615 0.907552 0.123698 0.907552 0.123698 0.855469 0.071615 0.855469
1 0.325521 0.722656 0.377604 0.722656 0.377604 0.670573 0.325521 0.670573
1 0.768229 0.738281 0.820312 0.738281 0.820312 0.686198 0.768229 0.686198
1 0.546875 0.324219 0.598958 0.324219 0.598958 0.272135 0.546875 0.272135
1 0.289062 0.274740 0.341146 0.274740 0.341146 0.222656 0.289062 0.222656
2 0.309896 0.875000 0.335938 0.875000 0.335938 0.848958 0.309896 0.848958
2 0.794271 0.739583 0.820312 0.739583 0.820312 0.713542 0.794271 0.713542
2 0.037760 0.171875 0.063802 0.171875 0.063802 0.145833 0.037760 0.145833
2 0.485677 0.683594 0.511719 0.683594 0.511719 0.657552 0.485677 0.657552
2 0.829427 0.638021 0.855469 0.638021 0.855469 0.611979 0.829427 0.611979
