0 0.712240 0.998698 0.994792 0.936198 0.000000 0.766927 0.000000 0.877604
1 0.226562 0.113281 0.278646 0.113281 0.278646 0.061198 0.226562 0.061198
1 0.563802 0.460938 0.615885 0.460938 0.615885 0.408854 0.563802 0.408854
1 0.520833 0.717448 0.572917 0.717448 0.572917 0.665365 0.520833 0.665365
1 0.334635 0.872396 0.386719 0.872396 0.386719 0.820312 0.334635 0.820312
2 0.023438 0.208333 0.049479 0.208333 0.049479 0.182292 0.023438 0.182292
2 0.403646 0.141927 0.429688 0.141927 0.429688 0.115885 0.403646 0.115885
2 0.408854 0.115885 0.434896 0.115885 0.434896 0.089844 0.408854 0.089844
2 0.201823 0.080729 0.227865 0.080729 0.227865 0.054688 0.201823 0.054688
2 0.483073 0.920573 0.509115 0.920573 0.509115 0.894531 0.483073 0.894531
2 0.205729 0.688802 0.231771 0.688802 0.231771 0.662760 0.205729 0.662760
