0 0.236979 0.986979 0.347656 0.990885 0.305990 0.000000 0.195312 0.000000
1 0.000000 0.128906 0.039062 0.128906 0.039062 0.076823 0.000000 0.076823
1 0.332031 0.871094 0.384115 0.871094 0.384115 0.819010 0.332031 0.819010
1 0.559896 0.731771 0.611979 0.731771 0.611979 0.679688 0.559896 0.679688
1 0.673177 0.959635 0.725260 0.959635 0.725260 0.907552 0.673177 0.907552
1 0.846354 0.692708 0.898438 0.692708 0.898438 0.640625 0.846354 0.640625
1 0.921875 0.690104 0.973958 0.690104 0.973958 0.638021 0.921875 0.638021
2 0.748698 0.201823 0.774740 0.201823 0.774740 0.175781 0.748698 0.175781
2 0.416667 0.425781 0.442708 0.425781 0.442708 0.399740 0.416667 0.399740
2 0.903646 0.167969 0.929688 0.167969 0.929688 0.141927 0.903646 0.141927
2 0.520833 0.393229 0.546875 0.393229 0.546875 0.367188 0.520833 0.367188
2 0.795573 0.095052 0.821615 0.095052 0.821615 0.069010 0.795573 0.069010
2 0.692708 0.127604 0.718750 0.127604 0.718750 0.101562 0.692708 0.101562
2 0.726562 0.308594 0.752604 0.308594 0.752604 0.282552 0.726562 0.282552
2 0.571615 0.990885 0.597656 0.990885 0.597656 0.964844 0.571615 0.964844
