0 0.079427 0.647135 1.000000 0.654948 1.000000 0.544271 0.055990 0.536458
1 0.315104 0.838542 0.367188 0.838542 0.367188 0.786458 0.315104 0.786458
1 0.001302 0.808594 0.029948 0.808594 0.029948 0.756510 0.001302 0.756510
1 0.786458 0.763021 0.838542 0.763021 0.838542 0.710938 0.786458 0.710938
1 0.760417 0.686198 0.812500 0.686198 0.812500 0.634115 0.760417 0.634115
1 0.531250 0.162760 0.583333 0.162760 0.583333 0.110677 0.531250 0.110677
1 0.477865 0.161458 0.529948 0.161458 0.529948 0.109375 0.477865 0.109375
2 0.291667 0.679688 0.317708 0.679688 0.317708 0.653646 0.291667 0.653646
2 0.368490 0.811198 0.394531 0.811198 0.394531 0.785156 0.368490 0.785156
2 0.446615 0.682292 0.472656 0.682292 0.472656 0.656250 0.446615 0.656250
2 0.552083 0.502604 0.578125 0.502604 0.578125 0.476562 0.552083 0.476562
2 0.863281 0.791667 0.889323 0.791667 0.889323 0.765625 0.863281 0.765625
