0 0.197917 1.000000 0.308594 1.000000 0.177083 0.007812 0.066406 0.006510
1 0.673177 0.028646 0.725260 0.028646 0.725260 0.001302 0.673177 0.001302
1 0.592448 0.825521 0.644531 0.825521 0.644531 0.773438 0.592448 0.773438
1 0.544271 0.858073 0.596354 0.858073 0.596354 0.805990 0.544271 0.805990
1 0.460938 0.816406 0.513021 0.816406 0.513021 0.764323 0.460938 0.764323
2 0.578125 0.697917 0.604167 0.697917 0.604167 0.671875 0.578125 0.671875
2 0.953125 0.752604 0.979167 0.752604 0.979167 0.726562 0.953125 0.726562
2 0.238281 0.113281 0.264323 0.113281 0.264323 0.087240 0.238281 0.087240
2 0.858073 0.032552 0.884115 0.032552 0.884115 0.006510 0.858073 0.006510
2 0.651042 0.453125 0.677083 0.453125 0.677083 0.427083 0.651042 0.427083
