0 0.889323 1.000000 0.998698 1.000000 0.998698 1.000000 0.915365 0.009115
1 0.054688 0.567708 0.106771 0.567708 0.106771 0.515625 0.054688 0.515625
1 0.161458 0.467448 0.213542 0.467448 0.213542 0.415365 0.161458 0.415365
1 0.571615 0.736979 0.623698 0.736979 0.623698 0.684896 0.571615 0.684896
1 0.811198 0.509115 0.863281 0.509115 0.863281 0.457031 0.811198 0.457031
2 0.688802 0.270833 0.714844 0.270833 0.714844 0.244792 0.688802 0.244792
2 0.170573 0.153646 0.196615 0.153646 0.196615 0.127604 0.170573 0.127604
2 0.440104 0.733073 0.466146 0.733073 0.466146 0.707031 0.440104 0.707031
2 0.281250 0.911458 0.307292 0.911458 0.307292 0.885417 0.281250 0.885417
2 0.255208 0.859375 0.281250 0.859375 0.281250 0.833333 0.255208 0.833333
2 0.402344 0.212240 0.428385 0.212240 0.428385 0.186198 0.402344 0.186198
