0 0.397135 1.000000 0.507813 1.000000 0.436198 0.018229 0.325521 0.015625
1 0.895833 0.209635 0.947917 0.209635 0.947917 0.157552 0.895833 0.157552
1 0.597656 0.412760 0.649740 0.412760 0.649740 0.360677 0.597656 0.360677
1 0.578125 0.153646 0.630208 0.153646 0.630208 0.101562 0.578125 0.101562
1 0.536458 0.678385 0.588542 0.678385 0.588542 0.626302 0.536458 0.626302
1 0.367188 0.481771 0.419271 0.481771 0.419271 0.429688 0.367188 0.429688
2 0.001302 0.066406 0.023437 0.066406 0.023437 0.040365 0.001302 0.040365
2 0.748698 0.325521 0.774740 0.325521 0.774740 0.299479 0.748698 0.299479
2 0.372396 0.901042 0.398438 0.901042 0.398438 0.875000 0.372396 0.875000
2 0.768229 0.610677 0.794271 0.610677 0.794271 0.584635 0.768229 0.584635
2 0.209635 0.807292 0.235677 0.807292 0.235677 0.781250 0.209635 0.781250
2 0.674479 0.748698 0.700521 0.748698 0.700521 0.722656 0.674479 0.722656
2 0.532552 0.967448 0.558594 0.967448 0.558594 0.941406 0.532552 0.941406
2 0.300781 0.984375 0.326823 0.984375 0.326823 0.958333 0.300781 0.958333
