0 1.000000 0.257812 1.000000 0.147135 0.002604 0.019531 0.003906 0.130208
1 0.498698 0.950521 0.550781 0.950521 0.550781 0.898438 0.498698 0.898438
1 0.664062 0.891927 0.716146 0.891927 0.716146 0.839844 0.664062 0.839844
1 0.294271 0.713542 0.346354 0.713542 0.346354 0.661458 0.294271 0.661458
1 0.036458 0.680990 0.088542 0.680990 0.088542 0.628906 0.036458 0.628906
1 0.800781 0.645833 0.852865 0.645833 0.852865 0.593750 0.800781 0.593750
1 0.700521 0.399740 0.752604 0.399740 0.752604 0.347656 0.700521 0.347656
1 0.505208 0.083333 0.557292 0.083333 0.557292 0.031250 0.505208 0.031250
2 0.843750 0.283854 0.869792 0.283854 0.869792 0.257812 0.843750 0.257812
2 0.595052 0.384115 0.621094 0.384115 0.621094 0.358073 0.595052 0.358073
2 0.083333 0.292969 0.109375 0.292969 0.109375 0.266927 0.083333 0.266927
2 0.050781 0.341146 0.076823 0.341146 0.076823 0.315104 0.050781 0.315104
2 0.125000 0.795573 0.151042 0.795573 0.151042 0.769531 0.125000 0.769531
2 0.752604 0.192708 0.778646 0.192708 0.778646 0.166667 0.752604 0.166667
2 0.149740 0.169271 0.175781 0.169271 0.175781 0.143229 0.149740 0.143229
