0 0.545573 1.000000 0.656250 1.000000 0.627604 0.032552 0.516927 0.026042
1 0.791667 0.726562 0.843750 0.726562 0.843750 0.674479 0.791667 0.674479
1 0.785156 0.464844 0.837240 0.464844 0.837240 0.412760 0.785156 0.412760
1 0.751302 0.180990 0.803385 0.180990 0.803385 0.128906 0.751302 0.128906
1 0.006510 0.539062 0.058594 0.539062 0.058594 0.486979 0.006510 0.486979
1 0.001302 0.305990 0.052083 0.305990 0.052083 0.253906 0.001302 0.253906
2 0.940104 0.408854 0.966146 0.408854 0.966146 0.382812 0.940104 0.382812
2 0.807292 0.308594 0.833333 0.308594 0.833333 0.282552 0.807292 0.282552
2 0.957031 0.044271 0.983073 0.044271 0.983073 0.018229 0.957031 0.018229
2 0.088542 0.643229 0.114583 0.643229 0.114583 0.617188 0.088542 0.617188
2 0.785156 0.438802 0.811198 0.438802 0.811198 0.412760 0.785156 0.412760
2 0.132812 0.430990 0.158854 0.430990 0.158854 0.404948 0.132812 0.404948
2 0.583333 0.707031 0.609375 0.707031 0.609375 0.680990 0.583333 0.680990
