0 0.000000 0.147135 0.000000 0.257812 0.996094 0.130208 0.997396 0.019531
1 0.449219 0.950521 0.501302 0.950521 0.501302 0.898438 0.449219 0.898438
1 0.283854 0.891927 0.335938 0.891927 0.335938 0.839844 0.283854 0.839844
1 0.653646 0.713542 0.705729 0.713542 0.705729 0.661458 0.653646 0.661458
1 0.911458 0.680990 0.963542 0.680990 0.963542 0.628906 0.911458 0.628906
1 0.147135 0.645833 0.199219 0.645833 0.199219 0.593750 0.147135 0.593750
1 0.247396 0.399740 0.299479 0.399740 0.299479 0.347656 0.247396 0.347656
1 0.442708 0.083333 0.494792 0.083333 0.494792 0.031250 0.442708 0.031250
2 0.130208 0.283854 0.156250 0.283854 0.156250 0.257812 0.130208 0.257812
2 0.378906 0.384115 0.404948 0.384115 0.404948 0.358073 0.378906 0.358073
2 0.890625 0.292969 0.916667 0.292969 0.916667 0.266927 0.890625 0.266927
2 0.923177 0.341146 0.949219 0.341146 0.949219 0.315104 0.923177 0.315104
2 0.848958 0.795573 0.875000 0.795573 0.875000 0.769531 0.848958 0.769531
2 0.221354 0.192708 0.247396 0.192708 0.247396 0.166667 0.221354 0.166667
2 0.824219 0.169271 0.850260 0.169271 0.850260 0.143229 0.824219 0.143229
