0 0.825521 0.989583 0.936198 0.990885 0.826823 0.000000 0.716146 0.000000
1 0.298177 0.597656 0.350260 0.597656 0.350260 0.545573 0.298177 0.545573
1 0.325521 0.856771 0.377604 0.856771 0.377604 0.804688 0.325521 0.804688
1 0.550781 0.752604 0.602865 0.752604 0.602865 0.700521 0.550781 0.700521
1 0.527344 0.308594 0.579427 0.308594 0.579427 0.256510 0.527344 0.256510
1 0.808594 0.462240 0.860677 0.462240 0.860677 0.410156 0.808594 0.410156
1 0.953125 0.131510 0.998698 0.131510 0.998698 0.079427 0.953125 0.079427
2 0.128906 0.485677 0.154948 0.485677 0.154948 0.459635 0.128906 0.459635
2 0.492188 0.445312 0.518229 0.445312 0.518229 0.419271 0.492188 0.419271
2 0.792969 0.071615 0.819010 0.071615 0.819010 0.045573 0.792969 0.045573
2 0.045573 0.914062 0.071615 0.914062 0.071615 0.888021 0.045573 0.888021
