0 0.001302 0.561198 0.045573 0.996094 0.197917 0.000000 0.087240 0.000000
1 0.795573 0.494792 0.847656 0.494792 0.847656 0.442708 0.795573 0.442708
1 0.528646 0.691406 0.580729 0.691406 0.580729 0.639323 0.528646 0.639323
1 0.285156 0.391927 0.337240 0.391927 0.337240 0.339844 0.285156 0.339844
1 0.229167 0.410156 0.281250 0.410156 0.281250 0.358073 0.229167 0.358073
2 0.278646 0.414062 0.304688 0.414062 0.304688 0.388021 0.278646 0.388021
2 0.352865 0.794271 0.378906 0.794271 0.378906 0.768229 0.352865 0.768229
2 0.332031 0.923177 0.358073 0.923177 0.358073 0.897135 0.332031 0.897135
2 0.477865 0.312500 0.503906 0.312500 0.503906 0.286458 0.477865 0.286458
2 0.505208 0.658854 0.531250 0.658854 0.531250 0.632812 0.505208 0.632812
