0 0.028646 0.421875 1.000000 0.437500 1.000000 0.328125 0.015625 0.311198
1 0.492188 1.000000 0.544271 1.000000 0.544271 0.968750 0.492188 0.968750
1 0.003906 0.726562 0.055990 0.726562 0.055990 0.674479 0.003906 0.674479
1 0.731771 0.687500 0.783854 0.687500 0.783854 0.635417 0.731771 0.635417
1 0.605469 0.580729 0.657552 0.580729 0.657552 0.528646 0.605469 0.528646
1 0.453125 0.343750 0.505208 0.343750 0.505208 0.291667 0.453125 0.291667
1 0.972656 0.326823 1.000000 0.326823 1.000000 0.274740 0.972656 0.274740
1 0.001302 0.231771 0.036458 0.231771 0.036458 0.179688 0.001302 0.179688
1 0.141927 0.208333 0.194010 0.208333 0.194010 0.156250 0.141927 0.156250
2 0.419271 0.786458 0.445312 0.786458 0.445312 0.760417 0.419271 0.760417
