0 0.009115 0.505208 1.000000 0.429688 1.000000 0.319010 0.011719 0.394531
1 0.680990 0.145833 0.733073 0.145833 0.733073 0.093750 0.680990 0.093750
1 0.299479 0.278646 0.351562 0.278646 0.351562 0.226562 0.299479 0.226562
1 0.067708 0.661458 0.119792 0.661458 0.119792 0.609375 0.067708 0.609375
1 0.557292 0.937500 0.609375 0.937500 0.609375 0.885417 0.557292 0.885417
1 0.505208 0.940104 0.557292 0.940104 0.557292 0.888021 0.505208 0.888021
2 0.156250 0.446615 0.182292 0.446615 0.182292 0.420573 0.156250 0.420573
2 0.605469 0.516927 0.631510 0.516927 0.631510 0.490885 0.605469 0.490885
2 0.877604 0.653646 0.903646 0.653646 0.903646 0.627604 0.877604 0.627604
2 0.967448 0.463542 0.993490 0.463542 0.993490 0.437500 0.967448 0.437500
2 0.498698 0.812500 0.524740 0.812500 0.524740 0.786458 0.498698 0.786458
2 0.429688 0.946615 0.455729 0.946615 0.455729 0.920573 0.429688 0.920573
2 0.466146 0.397135 0.492188 0.397135 0.492188 0.371094 0.466146 0.371094
2 0.214844 0.180990 0.240885 0.180990 0.240885 0.154948 0.214844 0.154948
