0 0.998698 0.539062 0.998698 -0.000000 0.998698 -0.000000 0.927083 -0.000000
1 0.104167 0.704427 0.156250 0.704427 0.156250 0.652344 0.104167 0.652344
1 0.513021 0.998698 0.565104 0.998698 0.565104 0.967448 0.513021 0.967448
1 0.554688 0.933594 0.606771 0.933594 0.606771 0.881510 0.554688 0.881510
1 0.583333 0.772135 0.635417 0.772135 0.635417 0.720052 0.583333 0.720052
1 0.636719 0.373698 0.688802 0.373698 0.688802 0.321615 0.636719 0.321615
1 0.695312 0.417969 0.747396 0.417969 0.747396 0.365885 0.695312 0.365885
2 0.411458 0.247396 0.437500 0.247396 0.437500 0.221354 0.411458 0.221354
2 0.875000 0.371094 0.901042 0.371094 0.901042 0.345052 0.875000 0.345052
2 0.328125 0.598958 0.354167 0.598958 0.354167 0.572917 0.328125 0.572917
2 0.885417 0.052083 0.911458 0.052083 0.911458 0.026042 0.885417 0.026042
