0 0.001302 0.722656 0.072917 0.000000 0.001302 0.000000 0.001302 0.000000
1 0.942708 0.572917 0.994792 0.572917 0.994792 0.520833 0.942708 0.520833
1 0.873698 0.998698 0.925781 0.998698 0.925781 0.957031 0.873698 0.957031
1 0.395833 0.779948 0.447917 0.779948 0.447917 0.727865 0.395833 0.727865
1 0.300781 0.953125 0.352865 0.953125 0.352865 0.901042 0.300781 0.901042
2 0.873698 0.458333 0.899740 0.458333 0.899740 0.432292 0.873698 0.432292
2 0.230469 0.604167 0.256510 0.604167 0.256510 0.578125 0.230469 0.578125
2 0.636719 0.723958 0.662760 0.723958 0.662760 0.697917 0.636719 0.697917
2 0.455729 0.180990 0.481771 0.180990 0.481771 0.154948 0.455729 0.154948
2 0.488281 0.106771 0.514323 0.106771 0.514323 0.080729 0.488281 0.080729
