0 0.763021 0.985677 0.873698 0.983073 0.945312 0.000000 0.834635 0.000000
1 0.368490 0.204427 0.420573 0.204427 0.420573 0.152344 0.368490 0.152344
1 0.332031 0.699219 0.384115 0.699219 0.384115 0.647135 0.332031 0.647135
2 0.162760 0.110677 0.188802 0.110677 0.188802 0.084635 0.162760 0.084635
2 0.432292 0.024740 0.458333 0.024740 0.458333 0.000000 0.432292 0.000000
2 0.098958 0.626302 0.125000 0.626302 0.125000 0.600260 0.098958 0.600260
2 0.507813 0.031250 0.533854 0.031250 0.533854 0.005208 0.507813 0.005208
2 0.425781 0.101562 0.451823 0.101562 0.451823 0.075521 0.425781 0.075521
2 0.444010 0.208333 0.470052 0.208333 0.470052 0.182292 0.444010 0.182292
2 0.829427 0.679688 0.855469 0.679688 0.855469 0.653646 0.829427 0.653646
