0 0.437500 1.000000 0.548177 1.000000 0.688802 0.002604 0.578125 0.003906
1 0.149740 0.587240 0.201823 0.587240 0.201823 0.535156 0.149740 0.535156
1 0.304688 0.791667 0.356771 0.791667 0.356771 0.739583 0.304688 0.739583
1 0.429688 0.651042 0.481771 0.651042 0.481771 0.598958 0.429688 0.598958
2 0.716146 0.664062 0.742188 0.664062 0.742188 0.638021 0.716146 0.638021
2 0.292969 0.289062 0.319010 0.289062 0.319010 0.263021 0.292969 0.263021
2 0.509115 0.820312 0.535156 0.820312 0.535156 0.794271 0.509115 0.794271
2 0.725260 0.587240 0.751302 0.587240 0.751302 0.561198 0.725260 0.561198
2 0.212240 0.303385 0.238281 0.303385 0.238281 0.277344 0.212240 0.277344
2 0.537760 0.429688 0.563802 0.429688 0.563802 0.403646 0.537760 0.403646
2 0.796875 0.833333 0.822917 0.833333 0.822917 0.807292 0.796875 0.807292
2 0.695312 0.240885 0.721354 0.240885 0.721354 0.214844 0.695312 0.214844
