0 0.149740 1.000000 0.259115 1.000000 0.295573 0.006510 0.184896 0.013021
1 0.069010 0.173177 0.121094 0.173177 0.121094 0.121094 0.069010 0.121094
1 0.122396 0.854167 0.174479 0.854167 0.174479 0.802083 0.122396 0.802083
1 0.182292 0.647135 0.234375 0.647135 0.234375 0.595052 0.182292 0.595052
1 0.212240 0.490885 0.264323 0.490885 0.264323 0.438802 0.212240 0.438802
1 0.446615 0.552083 0.498698 0.552083 0.498698 0.500000 0.446615 0.500000
1 0.555990 0.424479 0.608073 0.424479 0.608073 0.372396 0.555990 0.372396
1 0.575521 0.583333 0.627604 0.583333 0.627604 0.531250 0.575521 0.531250
1 0.846354 0.304688 0.898438 0.304688 0.898438 0.252604 0.846354 0.252604
2 0.354167 0.208333 0.380208 0.208333 0.380208 0.182292 0.354167 0.182292
2 0.845052 0.305990 0.871094 0.305990 0.871094 0.279948 0.845052 0.279948
