0 0.000000 0.253906 0.997396 0.338542 0.994792 0.227865 0.000000 0.143229
1 0.196615 0.083333 0.248698 0.083333 0.248698 0.031250 0.196615 0.031250
1 0.937500 0.303385 0.989583 0.303385 0.989583 0.251302 0.937500 0.251302
1 0.850260 0.399740 0.902344 0.399740 0.902344 0.347656 0.850260 0.347656
1 0.841146 0.505208 0.893229 0.505208 0.893229 0.453125 0.841146 0.453125
1 0.832031 0.606771 0.884115 0.606771 0.884115 0.554688 0.832031 0.554688
1 0.488281 0.657552 0.540365 0.657552 0.540365 0.605469 0.488281 0.605469
1 0.432292 0.992188 0.484375 0.992188 0.484375 0.940104 0.432292 0.940104
2 0.540365 0.346354 0.566406 0.346354 0.566406 0.320312 0.540365 0.320312
2 0.708333 0.830729 0.734375 0.830729 0.734375 0.804688 0.708333 0.804688
2 0.921875 0.772135 0.947917 0.772135 0.947917 0.746094 0.921875 0.746094
2 0.006510 0.485677 0.032552 0.485677 0.032552 0.459635 0.006510 0.459635
