0 0.833333 0.985677 0.944010 0.989583 0.876302 0.000000 0.765625 0.000000
1 0.057292 0.552083 0.109375 0.552083 0.109375 0.500000 0.057292 0.500000
1 0.212240 0.516927 0.264323 0.516927 0.264323 0.464844 0.212240 0.464844
1 0.286458 0.458333 0.338542 0.458333 0.338542 0.406250 0.286458 0.406250
1 0.483073 0.289062 0.535156 0.289062 0.535156 0.236979 0.483073 0.236979
1 0.623698 0.437500 0.675781 0.437500 0.675781 0.385417 0.623698 0.385417
1 0.703125 0.458333 0.755208 0.458333 0.755208 0.406250 0.703125 0.406250
2 0.380208 0.272135 0.406250 0.272135 0.406250 0.246094 0.380208 0.246094
2 0.513021 0.707031 0.539062 0.707031 0.539062 0.680990 0.513021 0.680990
2 0.028646 0.087240 0.054688 0.087240 0.054688 0.061198 0.028646 0.061198
2 0.050781 0.058594 0.076823 0.058594 0.076823 0.032552 0.050781 0.032552
2 0.390625 0.062500 0.416667 0.062500 0.416667 0.036458 0.390625 0.036458
2 0.231771 0.412760 0.257812 0.412760 0.257812 0.386719 0.231771 0.386719
2 0.080729 0.109375 0.106771 0.109375 0.106771 0.083333 0.080729 0.083333
2 0.545573 0.781250 0.571615 0.781250 0.571615 0.755208 0.545573 0.755208
