0 0.126302 0.993490 0.236979 0.992188 0.324219 0.000000 0.213542 0.000000
1 0.859375 0.324219 0.911458 0.324219 0.911458 0.272135 0.859375 0.272135
1 0.786458 0.552083 0.838542 0.552083 0.838542 0.500000 0.786458 0.500000
1 0.726562 0.626302 0.778646 0.626302 0.778646 0.574219 0.726562 0.574219
1 0.592448 0.378906 0.644531 0.378906 0.644531 0.326823 0.592448 0.326823
2 0.653646 0.565104 0.679688 0.565104 0.679688 0.539062 0.653646 0.539062
2 0.785156 0.550781 0.811198 0.550781 0.811198 0.524740 0.785156 0.524740
2 0.554688 0.190104 0.580729 0.190104 0.580729 0.164062 0.554688 0.164062
2 0.007812 0.169271 0.033854 0.169271 0.033854 0.143229 0.007812 0.143229
2 0.626302 0.876302 0.652344 0.876302 0.652344 0.850260 0.626302 0.850260
