0 0.000000 0.795573 0.977865 0.763021 0.983073 0.652344 0.000000 0.684896
1 0.593750 0.993490 0.645833 0.993490 0.645833 0.941406 0.593750 0.941406
1 0.561198 0.860677 0.613281 0.860677 0.613281 0.808594 0.561198 0.808594
1 0.350260 0.713542 0.402344 0.713542 0.402344 0.661458 0.350260 0.661458
1 0.470052 0.424479 0.522135 0.424479 0.522135 0.372396 0.470052 0.372396
1 0.308594 0.272135 0.360677 0.272135 0.360677 0.220052 0.308594 0.220052
2 0.197917 0.092448 0.223958 0.092448 0.223958 0.066406 0.197917 0.066406
2 0.489583 0.996094 0.515625 0.996094 0.515625 0.970052 0.489583 0.970052
2 0.559896 0.734375 0.585938 0.734375 0.585938 0.708333 0.559896 0.708333
2 0.856771 0.305990 0.882812 0.305990 0.882812 0.279948 0.856771 0.279948
2 0.563802 0.082031 0.589844 0.082031 0.589844 0.055990 0.563802 0.055990
2 0.678385 0.364583 0.704427 0.364583 0.704427 0.338542 0.678385 0.338542
2 0.114583 0.696615 0.140625 0.696615 0.140625 0.670573 0.114583 0.670573
