0 0.283854 1.000000 0.394531 1.000000 0.350260 0.019531 0.239583 0.015625
1 0.118490 0.151042 0.170573 0.151042 0.170573 0.098958 0.118490 0.098958
1 0.026042 0.963542 0.078125 0.963542 0.078125 0.911458 0.026042 0.911458
2 0.343750 0.506510 0.369792 0.506510 0.369792 0.480469 0.343750 0.480469
2 0.175781 0.825521 0.201823 0.825521 0.201823 0.799479 0.175781 0.799479
2 0.011719 0.625000 0.037760 0.625000 0.037760 0.598958 0.011719 0.598958
2 0.937500 0.350260 0.963542 0.350260 0.963542 0.324219 0.937500 0.324219
2 0.205729 0.955729 0.231771 0.955729 0.231771 0.929688 0.205729 0.929688
2 0.115885 0.647135 0.141927 0.647135 0.141927 0.621094 0.115885 0.621094
2 0.106771 0.464844 0.132812 0.464844 0.132812 0.438802 0.106771 0.438802
