0 0.001302 0.605469 0.010417 0.714844 1.000000 0.593750 1.000000 0.483073
1 0.183594 0.298177 0.235677 0.298177 0.235677 0.246094 0.183594 0.246094
1 0.408854 0.428385 0.460938 0.428385 0.460938 0.376302 0.408854 0.376302
1 0.484375 0.604167 0.536458 0.604167 0.536458 0.552083 0.484375 0.552083
1 0.829427 0.639323 0.881510 0.639323 0.881510 0.587240 0.829427 0.587240
1 0.968750 0.700521 1.000000 0.700521 1.000000 0.648437 0.968750 0.648437
1 0.591146 0.826823 0.643229 0.826823 0.643229 0.774740 0.591146 0.774740
1 0.001302 0.898438 0.048177 0.898438 0.048177 0.846354 0.001302 0.846354
1 0.153646 0.904948 0.205729 0.904948 0.205729 0.852865 0.153646 0.852865
2 0.368490 0.723958 0.394531 0.723958 0.394531 0.697917 0.368490 0.697917
2 0.820312 0.983073 0.846354 0.983073 0.846354 0.957031 0.820312 0.957031
2 0.302083 0.390625 0.328125 0.390625 0.328125 0.364583 0.302083 0.364583
2 0.772135 0.149740 0.798177 0.149740 0.798177 0.123698 0.772135 0.123698
2 0.111979 0.544271 0.138021 0.544271 0.138021 0.518229 0.111979 0.518229
