0 0.505208 0.975260 0.615885 0.963542 0.631510 0.000000 0.520833 0.000000
1 0.707031 0.632812 0.759115 0.632812 0.759115 0.580729 0.707031 0.580729
1 0.657552 0.477865 0.709635 0.477865 0.709635 0.425781 0.657552 0.425781
1 0.600260 0.813802 0.652344 0.813802 0.652344 0.761719 0.600260 0.761719
1 0.470052 0.760417 0.522135 0.760417 0.522135 0.708333 0.470052 0.708333
1 0.429688 0.108073 0.481771 0.108073 0.481771 0.055990 0.429688 0.055990
1 0.292969 0.470052 0.345052 0.470052 0.345052 0.417969 0.292969 0.417969
2 0.690104 0.059896 0.716146 0.059896 0.716146 0.033854 0.690104 0.033854
2 0.059896 0.440104 0.085938 0.440104 0.085938 0.414062 0.059896 0.414062
2 0.648438 0.970052 0.674479 0.970052 0.674479 0.944010 0.648438 0.944010
2 0.708333 0.476562 0.734375 0.476562 0.734375 0.450521 0.708333 0.450521
2 0.217448 0.285156 0.243490 0.285156 0.243490 0.259115 0.217448 0.259115
2 0.841146 0.295573 0.867188 0.295573 0.867188 0.269531 0.841146 0.269531
2 0.494792 0.967448 0.520833 0.967448 0.520833 0.941406 0.494792 0.941406
