0 0.003906 0.252604 1.000000 0.347656 1.000000 0.236979 0.002604 0.141927
1 0.143229 0.993490 0.195312 0.993490 0.195312 0.941406 0.143229 0.941406
1 0.076823 0.593750 0.128906 0.593750 0.128906 0.541667 0.076823 0.541667
1 0.600260 0.589844 0.652344 0.589844 0.652344 0.537760 0.600260 0.537760
1 0.941406 0.571615 0.993490 0.571615 0.993490 0.519531 0.941406 0.519531
1 0.548177 0.298177 0.600260 0.298177 0.600260 0.246094 0.548177 0.246094
1 0.593750 0.092448 0.645833 0.092448 0.645833 0.040365 0.593750 0.040365
2 0.567708 0.925781 0.593750 0.925781 0.593750 0.899740 0.567708 0.899740
2 0.486979 0.944010 0.513021 0.944010 0.513021 0.917969 0.486979 0.917969
2 0.589844 0.955729 0.615885 0.955729 0.615885 0.929688 0.589844 0.929688
