0 0.022135 0.994792 0.108073 1.000000 1.000000 0.944010 0.018229 0.884115
1 0.627604 1.000000 0.679688 1.000000 0.679688 0.951823 0.627604 0.951823
1 0.871094 0.861979 0.923177 0.861979 0.923177 0.809896 0.871094 0.809896
1 0.407552 0.782552 0.459635 0.782552 0.459635 0.730469 0.407552 0.730469
1 0.790365 0.466146 0.842448 0.466146 0.842448 0.414062 0.790365 0.414062
1 0.846354 0.417969 0.898438 0.417969 0.898438 0.365885 0.846354 0.365885
1 0.821615 0.416667 0.873698 0.416667 0.873698 0.364583 0.821615 0.364583
2 0.473958 0.526042 0.500000 0.526042 0.500000 0.500000 0.473958 0.500000
2 0.636719 0.404948 0.662760 0.404948 0.662760 0.378906 0.636719 0.378906
2 0.541667 0.268229 0.567708 0.268229 0.567708 0.242188 0.541667 0.242188
2 0.438802 0.263021 0.464844 0.263021 0.464844 0.236979 0.438802 0.236979
2 0.759115 0.126302 0.785156 0.126302 0.785156 0.100260 0.759115 0.100260
