0 0.716146 1.000000 0.826823 1.000000 0.730469 0.013021 0.619792 0.010417
1 0.957031 0.638021 1.000000 0.638021 1.000000 0.585938 0.957031 0.585938
1 0.902344 0.903646 0.954427 0.903646 0.954427 0.851562 0.902344 0.851562
1 0.709635 0.503906 0.761719 0.503906 0.761719 0.451823 0.709635 0.451823
1 0.441406 0.450521 0.493490 0.450521 0.493490 0.398438 0.441406 0.398438
1 0.369792 0.537760 0.421875 0.537760 0.421875 0.485677 0.369792 0.485677
1 0.278646 0.675781 0.330729 0.675781 0.330729 0.623698 0.278646 0.623698
1 0.269531 0.574219 0.321615 0.574219 0.321615 0.522135 0.269531 0.522135
2 0.292969 0.807292 0.319010 0.807292 0.319010 0.781250 0.292969 0.781250
2 0.923177 0.563802 0.949219 0.563802 0.949219 0.537760 0.923177 0.537760
2 0.391927 0.746094 0.417969 0.746094 0.417969 0.720052 0.391927 0.720052
2 0.774740 0.654948 0.800781 0.654948 0.800781 0.628906 0.774740 0.628906
2 0.502604 0.264323 0.528646 0.264323 0.528646 0.238281 0.502604 0.238281
2 0.660156 0.798177 0.686198 0.798177 0.686198 0.772135 0.660156 0.772135
2 0.085938 0.276042 0.111979 0.276042 0.111979 0.250000 0.085938 0.250000
