0 0.000000 0.876302 0.989583 0.944010 0.985677 0.833333 0.000000 0.765625
1 0.500000 0.109375 0.552083 0.109375 0.552083 0.057292 0.500000 0.057292
1 0.464844 0.264323 0.516927 0.264323 0.516927 0.212240 0.464844 0.212240
1 0.406250 0.338542 0.458333 0.338542 0.458333 0.286458 0.406250 0.286458
1 0.236979 0.535156 0.289062 0.535156 0.289062 0.483073 0.236979 0.483073
1 0.385417 0.675781 0.437500 0.675781 0.437500 0.623698 0.385417 0.623698
1 0.406250 0.755208 0.458333 0.755208 0.458333 0.703125 0.406250 0.703125
2 0.246094 0.406250 0.272135 0.406250 0.272135 0.380208 0.246094 0.380208
2 0.680990 0.539062 0.707031 0.539062 0.707031 0.513021 0.680990 0.513021
2 0.061198 0.054688 0.087240 0.054688 0.087240 0.028646 0.061198 0.028646
2 0.032552 0.076823 0.058594 0.076823 0.058594 0.050781 0.032552 0.050781
2 0.036458 0.416667 0.062500 0.416667 0.062500 0.390625 0.036458 0.390625
2 0.386719 0.257812 0.412760 0.257812 0.412760 0.231771 0.386719 0.231771
2 0.083333 0.106771 0.109375 0.106771 0.109375 0.080729 0.083333 0.080729
2 0.755208 0.571615 0.781250 0.571615 0.781250 0.545573 0.755208 0.545573
