0 0.864583 1.000000 0.975260 1.000000 0.934896 0.022135 0.824219 0.016927
1 0.829427 0.277344 0.881510 0.277344 0.881510 0.225260 0.829427 0.225260
1 0.554688 0.601562 0.606771 0.601562 0.606771 0.549479 0.554688 0.549479
1 0.514323 0.238281 0.566406 0.238281 0.566406 0.186198 0.514323 0.186198
1 0.489583 0.240885 0.541667 0.240885 0.541667 0.188802 0.489583 0.188802
1 0.458333 0.110677 0.510417 0.110677 0.510417 0.058594 0.458333 0.058594
1 0.406250 0.113281 0.458333 0.113281 0.458333 0.061198 0.406250 0.061198
1 0.407552 0.790365 0.459635 0.790365 0.459635 0.738281 0.407552 0.738281
1 0.074219 0.334635 0.126302 0.334635 0.126302 0.282552 0.074219 0.282552
2 0.828125 0.226562 0.854167 0.226562 0.854167 0.200521 0.828125 0.200521
