0 0.436198 0.997396 0.546875 0.994792 0.670573 0.000000 0.559896 0.000000
1 0.826823 0.858073 0.878906 0.858073 0.878906 0.805990 0.826823 0.805990
1 0.438802 0.998698 0.490885 0.998698 0.490885 0.967448 0.438802 0.967448
1 0.442708 0.783854 0.494792 0.783854 0.494792 0.731771 0.442708 0.731771
1 0.390625 0.988281 0.442708 0.988281 0.442708 0.936198 0.390625 0.936198
1 0.342448 0.954427 0.394531 0.954427 0.394531 0.902344 0.342448 0.902344
2 0.348958 0.037760 0.375000 0.037760 0.375000 0.011719 0.348958 0.011719
2 0.869792 0.075521 0.895833 0.075521 0.895833 0.049479 0.869792 0.049479
2 0.731771 0.976562 0.757812 0.976562 0.757812 0.950521 0.731771 0.950521
2 0.690104 0.891927 0.716146 0.891927 0.716146 0.865885 0.690104 0.865885
