0 0.759115 0.963542 0.869792 0.970052 0.838542 0.000000 0.727865 0.000000
1 0.253906 0.167969 0.305990 0.167969 0.305990 0.115885 0.253906 0.115885
1 0.483073 0.838542 0.535156 0.838542 0.535156 0.786458 0.483073 0.786458
1 0.528646 0.627604 0.580729 0.627604 0.580729 0.575521 0.528646 0.575521
1 0.630208 0.572917 0.682292 0.572917 0.682292 0.520833 0.630208 0.520833
1 0.718750 0.075521 0.770833 0.075521 0.770833 0.023438 0.718750 0.023438
1 0.933594 0.223958 0.985677 0.223958 0.985677 0.171875 0.933594 0.171875
2 0.083333 0.484375 0.109375 0.484375 0.109375 0.458333 0.083333 0.458333
2 0.611979 0.756510 0.638021 0.756510 0.638021 0.730469 0.611979 0.730469
2 0.261719 0.402344 0.287760 0.402344 0.287760 0.376302 0.261719 0.376302
