0 0.623698 1.000000 0.734375 1.000000 0.873698 0.001302 0.763021 0.002604
1 0.175781 0.776042 0.227865 0.776042 0.227865 0.723958 0.175781 0.723958
1 0.282552 0.947917 0.334635 0.947917 0.334635 0.895833 0.282552 0.895833
1 0.414062 0.201823 0.466146 0.201823 0.466146 0.149740 0.414062 0.149740
1 0.597656 0.963542 0.649740 0.963542 0.649740 0.911458 0.597656 0.911458
1 0.753906 0.408854 0.805990 0.408854 0.805990 0.356771 0.753906 0.356771
2 0.643229 0.233073 0.669271 0.233073 0.669271 0.207031 0.643229 0.207031
2 0.923177 0.299479 0.949219 0.299479 0.949219 0.273438 0.923177 0.273438
2 0.019531 0.752604 0.045573 0.752604 0.045573 0.726562 0.019531 0.726562
2 0.102865 0.342448 0.128906 0.342448 0.128906 0.316406 0.102865 0.316406
