0 0.906250 0.981771 0.998698 0.539062 0.976562 0.000000 0.865885 0.000000
1 0.000000 0.727865 0.037760 0.727865 0.037760 0.675781 0.000000 0.675781
1 0.117188 0.773438 0.169271 0.773438 0.169271 0.721354 0.117188 0.721354
1 0.325521 0.765625 0.377604 0.765625 0.377604 0.713542 0.325521 0.713542
1 0.356771 0.869792 0.408854 0.869792 0.408854 0.817708 0.356771 0.817708
1 0.739583 0.046875 0.791667 0.046875 0.791667 0.000000 0.739583 0.000000
1 0.755208 0.384115 0.807292 0.384115 0.807292 0.332031 0.755208 0.332031
1 0.765625 0.669271 0.817708 0.669271 0.817708 0.617188 0.765625 0.617188
2 0.764323 0.591146 0.790365 0.591146 0.790365 0.565104 0.764323 0.565104
2 0.226562 0.248698 0.252604 0.248698 0.252604 0.222656 0.226562 0.222656
2 0.688802 0.700521 0.714844 0.700521 0.714844 0.674479 0.688802 0.674479
2 0.671875 0.309896 0.697917 0.309896 0.697917 0.283854 0.671875 0.283854
