0 0.328125 1.000000 0.437500 1.000000 0.421875 0.028646 0.311198 0.015625
1 0.968750 0.544271 1.000000 0.544271 1.000000 0.492188 0.968750 0.492188
1 0.674479 0.055990 0.726562 0.055990 0.726562 0.003906 0.674479 0.003906
1 0.635417 0.783854 0.687500 0.783854 0.687500 0.731771 0.635417 0.731771
1 0.528646 0.657552 0.580729 0.657552 0.580729 0.605469 0.528646 0.605469
1 0.291667 0.505208 0.343750 0.505208 0.343750 0.453125 0.291667 0.453125
1 0.274740 1.000000 0.326823 1.000000 0.326823 0.972656 0.274740 0.972656
1 0.179688 0.036458 0.231771 0.036458 0.231771 0.001302 0.179688 0.001302
1 0.156250 0.194010 0.208333 0.194010 0.208333 0.141927 0.156250 0.141927
2 0.760417 0.445312 0.786458 0.445312 0.786458 0.419271 0.760417 0.419271
