0 0.000000 0.382813 0.000000 0.493490 0.996094 0.329427 0.996094 0.218750
1 0.476563 0.868490 0.528646 0.868490 0.528646 0.816406 0.476562 0.816406
1 0.135417 0.713542 0.187500 0.713542 0.187500 0.661458 0.135417 0.661458
1 0.135417 0.555990 0.187500 0.555990 0.187500 0.503906 0.135417 0.503906
1 0.667969 0.257812 0.720052 0.257812 0.720052 0.205729 0.667969 0.205729
1 0.812500 0.180990 0.864583 0.180990 0.864583 0.128906 0.812500 0.128906
1 0.404948 0.115885 0.457031 0.115885 0.457031 0.063802 0.404948 0.063802
2 0.527344 0.679688 0.553385 0.679688 0.553385 0.653646 0.527344 0.653646
2 0.128906 0.821615 0.154948 0.821615 0.154948 0.795573 0.128906 0.795573
2 0.750000 0.272135 0.776042 0.272135 0.776042 0.246094 0.750000 0.246094
2 0.985677 0.894531 0.998698 0.894531 0.998698 0.868490 0.985677 0.868490
