0 0.122396 1.000000 0.233073 1.000000 0.063802 0.005208 0.001302 0.287760
1 0.886719 0.773438 0.938802 0.773438 0.938802 0.721354 0.886719 0.721354
1 0.539062 0.436198 0.591146 0.436198 0.591146 0.384115 0.539062 0.384115
1 0.282552 0.479167 0.334635 0.479167 0.334635 0.427083 0.282552 0.427083
1 0.127604 0.665365 0.179688 0.665365 0.179688 0.613281 0.127604 0.613281
2 0.791667 0.976562 0.817708 0.976562 0.817708 0.950521 0.791667 0.950521
2 0.858073 0.596354 0.884115 0.596354 0.884115 0.570312 0.858073 0.570312
2 0.884115 0.591146 0.910156 0.591146 0.910156 0.565104 0.884115 0.565104
2 0.919271 0.798177 0.945312 0.798177 0.945312 0.772135 0.919271 0.772135
2 0.079427 0.516927 0.105469 0.516927 0.105469 0.490885 0.079427 0.490885
2 0.311198 0.794271 0.337240 0.794271 0.337240 0.768229 0.311198 0.768229
