0 0.010417 0.519531 1.000000 0.424479 1.000000 0.313802 0.013021 0.408854
1 0.902344 0.065104 0.954427 0.065104 0.954427 0.013021 0.902344 0.013021
1 0.854167 0.123698 0.906250 0.123698 0.906250 0.071615 0.854167 0.071615
1 0.541667 0.675781 0.593750 0.675781 0.593750 0.623698 0.541667 0.623698
1 0.856771 0.697917 0.908854 0.697917 0.908854 0.645833 0.856771 0.645833
2 0.733073 0.476562 0.759115 0.476562 0.759115 0.450521 0.733073 0.450521
2 0.350260 0.303385 0.376302 0.303385 0.376302 0.277344 0.350260 0.277344
2 0.700521 0.687500 0.726562 0.687500 0.726562 0.661458 0.700521 0.661458
2 0.078125 0.459635 0.104167 0.459635 0.104167 0.433594 0.078125 0.433594
2 0.798177 0.888021 0.824219 0.888021 0.824219 0.861979 0.798177 0.861979
2 0.542969 0.677083 0.569010 0.677083 0.569010 0.651042 0.542969 0.651042
2 0.555990 0.544271 0.582031 0.544271 0.582031 0.518229 0.555990 0.518229
2 0.118490 0.063802 0.144531 0.063802 0.144531 0.037760 0.118490 0.037760
