0 0.769531 1.000000 0.880208 1.000000 0.704427 0.002604 0.593750 0.001302
1 0.578125 0.058594 0.630208 0.058594 0.630208 0.006510 0.578125 0.006510
1 0.657552 0.971354 0.709635 0.971354 0.709635 0.919271 0.657552 0.919271
1 0.460938 0.449219 0.513021 0.449219 0.513021 0.397135 0.460938 0.397135
1 0.001302 0.296875 0.037760 0.296875 0.037760 0.244792 0.001302 0.244792
2 0.016927 0.320313 0.042969 0.320313 0.042969 0.294271 0.016927 0.294271
2 0.875000 0.536458 0.901042 0.536458 0.901042 0.510417 0.875000 0.510417
2 0.307292 0.769531 0.333333 0.769531 0.333333 0.743490 0.307292 0.743490
2 0.460938 0.583333 0.486979 0.583333 0.486979 0.557292 0.460938 0.557292
2 0.570312 0.460938 0.596354 0.460938 0.596354 0.434896 0.570312 0.434896
2 0.093750 0.463542 0.119792 0.463542 0.119792 0.437500 0.093750 0.437500
