0 0.156250 0.834635 0.266927 0.798177 0.272135 -0.000000 0.161458 -0.000000
1 0.395833 0.498698 0.447917 0.498698 0.447917 0.446615 0.395833 0.446615
1 0.264323 0.941406 0.316406 0.941406 0.316406 0.889323 0.264323 0.889323
1 0.134115 0.837240 0.186198 0.837240 0.186198 0.785156 0.134115 0.785156
1 0.058594 0.420573 0.110677 0.420573 0.110677 0.368490 0.058594 0.368490
1 0.001302 0.705729 0.031250 0.705729 0.031250 0.653646 0.001302 0.653646
2 0.682292 0.708333 0.708333 0.708333 0.708333 0.682292 0.682292 0.682292
2 0.526042 0.628906 0.552083 0.628906 0.552083 0.602865 0.526042 0.602865
2 0.085938 0.053385 0.111979 0.053385 0.111979 0.027344 0.085938 0.027344
2 0.342448 0.733073 0.368490 0.733073 0.368490 0.707031 0.342448 0.707031
2 0.733073 0.708333 0.759115 0.708333 0.759115 0.682292 0.733073 0.682292
2 0.500000 0.942708 0.526042 0.942708 0.526042 0.916667 0.500000 0.916667
