0 0.705729 1.000000 0.816406 1.000000 0.705729 0.007812 0.595052 0.006510
1 0.888021 0.244792 0.940104 0.244792 0.940104 0.192708 0.888021 0.192708
1 0.850260 0.615885 0.902344 0.615885 0.902344 0.563802 0.850260 0.563802
1 0.843750 0.773438 0.895833 0.773438 0.895833 0.721354 0.843750 0.721354
1 0.794271 0.805990 0.846354 0.805990 0.846354 0.753906 0.794271 0.753906
1 0.712240 0.787760 0.764323 0.787760 0.764323 0.735677 0.712240 0.735677
1 0.113281 0.095052 0.165365 0.095052 0.165365 0.042969 0.113281 0.042969
1 0.110677 0.566406 0.162760 0.566406 0.162760 0.514323 0.110677 0.514323
1 0.080729 0.753906 0.132812 0.753906 0.132812 0.701823 0.080729 0.701823
2 0.307292 0.180990 0.333333 0.180990 0.333333 0.154948 0.307292 0.154948
