0 1.000000 0.562500 1.000000 0.451823 0.002604 0.311198 0.003906 0.421875
1 0.535156 0.850260 0.587240 0.850260 0.587240 0.798177 0.535156 0.798177
1 0.739583 0.695312 0.791667 0.695312 0.791667 0.643229 0.739583 0.643229
1 0.598958 0.570312 0.651042 0.570312 0.651042 0.518229 0.598958 0.518229
2 0.638021 0.283854 0.664062 0.283854 0.664062 0.257812 0.638021 0.257812
2 0.263021 0.707031 0.289062 0.707031 0.289062 0.680990 0.263021 0.680990
2 0.794271 0.490885 0.820312 0.490885 0.820312 0.464844 0.794271 0.464844
2 0.561198 0.274740 0.587240 0.274740 0.587240 0.248698 0.561198 0.248698
2 0.277344 0.787760 0.303385 0.787760 0.303385 0.761719 0.277344 0.761719
2 0.403646 0.462240 0.429688 0.462240 0.429688 0.436198 0.403646 0.436198
2 0.807292 0.203125 0.833333 0.203125 0.833333 0.177083 0.807292 0.177083
2 0.214844 0.304688 0.240885 0.304688 0.240885 0.278646 0.214844 0.278646
