0 0.019531 0.566406 1.000000 0.610677 1.000000 0.500000 0.015625 0.455729
1 0.001302 0.947917 0.039062 0.947917 0.039062 0.895833 0.001302 0.895833
1 0.269531 0.414062 0.321615 0.414062 0.321615 0.361979 0.269531 0.361979
1 0.872396 0.388021 0.924479 0.388021 0.924479 0.335938 0.872396 0.335938
1 0.901042 0.335938 0.953125 0.335938 0.953125 0.283854 0.901042 0.283854
2 0.427083 0.367188 0.453125 0.367188 0.453125 0.341146 0.427083 0.341146
2 0.613281 0.298177 0.639323 0.298177 0.639323 0.272135 0.613281 0.272135
2 0.589844 0.845052 0.615885 0.845052 0.615885 0.819010 0.589844 0.819010
2 0.903646 0.259115 0.929688 0.259115 0.929688 0.233073 0.903646 0.233073
2 0.877604 0.832031 0.903646 0.832031 0.903646 0.805990 0.877604 0.805990
2 0.871094 0.414062 0.897135 0.414063 0.897135 0.388021 0.871094 0.388021
2 0.408854 0.835938 0.434896 0.835938 0.434896 0.809896 0.408854 0.809896
2 0.463542 0.135417 0.489583 0.135417 0.489583 0.109375 0.463542 0.109375
