0 0.003906 0.782552 1.000000 0.878906 1.000000 0.768229 0.002604 0.671875
1 0.345052 0.776042 0.397135 0.776042 0.397135 0.723958 0.345052 0.723958
1 0.276042 0.403646 0.328125 0.403646 0.328125 0.351562 0.276042 0.351562
1 0.158854 0.287760 0.210938 0.287760 0.210938 0.235677 0.158854 0.235677
1 0.484375 0.161458 0.536458 0.161458 0.536458 0.109375 0.484375 0.109375
2 0.373698 0.463542 0.399740 0.463542 0.399740 0.437500 0.373698 0.437500
2 0.347656 0.462240 0.373698 0.462240 0.373698 0.436198 0.347656 0.436198
2 0.796875 0.973958 0.822917 0.973958 0.822917 0.947917 0.796875 0.947917
2 0.785156 0.816406 0.811198 0.816406 0.811198 0.790365 0.785156 0.790365
2 0.113281 0.204427 0.139323 0.204427 0.139323 0.178385 0.113281 0.178385
2 0.404948 0.152344 0.430990 0.152344 0.430990 0.126302 0.404948 0.126302
