0 0.367188 1.000000 0.477865 1.000000 0.411458 0.015625 0.300781 0.013021
1 0.769531 0.662760 0.821615 0.662760 0.821615 0.610677 0.769531 0.610677
1 0.760417 0.899740 0.812500 0.899740 0.812500 0.847656 0.760417 0.847656
1 0.583333 0.571615 0.635417 0.571615 0.635417 0.519531 0.583333 0.519531
1 0.481771 0.240885 0.533854 0.240885 0.533854 0.188802 0.481771 0.188802
1 0.368490 0.114583 0.420573 0.114583 0.420573 0.062500 0.368490 0.062500
1 0.183594 0.076823 0.235677 0.076823 0.235677 0.024740 0.183594 0.024740
2 0.416667 0.819010 0.442708 0.819010 0.442708 0.792969 0.416667 0.792969
2 0.225260 0.674479 0.251302 0.674479 0.251302 0.648438 0.225260 0.648438
2 0.325521 0.250000 0.351562 0.250000 0.351562 0.223958 0.325521 0.223958
