0 0.136719 0.992188 0.247396 0.993490 0.110677 0.000000 0.000000 0.000000
1 0.102865 0.127604 0.154948 0.127604 0.154948 0.075521 0.102865 0.075521
1 0.251302 0.634115 0.303385 0.634115 0.303385 0.582031 0.251302 0.582031
1 0.479167 0.367188 0.531250 0.367188 0.531250 0.315104 0.479167 0.315104
1 0.553385 0.723958 0.605469 0.723958 0.605469 0.671875 0.553385 0.671875
1 0.532552 0.386719 0.584635 0.386719 0.584635 0.334635 0.532552 0.334635
1 0.791667 0.351562 0.843750 0.351562 0.843750 0.299479 0.791667 0.299479
1 0.934896 0.998698 0.986979 0.998698 0.986979 0.963542 0.934896 0.963542
2 0.432292 0.402344 0.458333 0.402344 0.458333 0.376302 0.432292 0.376302
2 0.195312 0.592448 0.221354 0.592448 0.221354 0.566406 0.195312 0.566406
2 0.442708 0.479167 0.468750 0.479167 0.468750 0.453125 0.442708 0.453125
2 0.101562 0.104167 0.127604 0.104167 0.127604 0.078125 0.101562 0.078125
2 0.878906 0.602865 0.904948 0.602865 0.904948 0.576823 0.878906 0.576823
