0 0.000000 0.309896 0.000000 0.420573 0.997396 0.299479 0.998698 0.188802
1 0.194010 0.821615 0.246094 0.821615 0.246094 0.769531 0.194010 0.769531
1 0.216146 0.792969 0.268229 0.792969 0.268229 0.740885 0.216146 0.740885
1 0.000000 0.743490 0.028646 0.743490 0.028646 0.691406 0.000000 0.691406
1 0.510417 0.627604 0.562500 0.627604 0.562500 0.575521 0.510417 0.575521
1 0.472656 0.527344 0.524740 0.527344 0.524740 0.475260 0.472656 0.475260
1 0.496094 0.496094 0.548177 0.496094 0.548177 0.444010 0.496094 0.444010
1 0.463542 0.238281 0.515625 0.238281 0.515625 0.186198 0.463542 0.186198
1 0.399740 0.143229 0.451823 0.143229 0.451823 0.091146 0.399740 0.091146
2 0.768229 0.990885 0.794271 0.990885 0.794271 0.964844 0.768229 0.964844
2 0.736979 0.522135 0.763021 0.522135 0.763021 0.496094 0.736979 0.496094
2 0.463542 0.658854 0.489583 0.658854 0.489583 0.632812 0.463542 0.632812
2 0.833333 0.250000 0.859375 0.250000 0.859375 0.223958 0.833333 0.223958
2 0.312500 0.705729 0.338542 0.705729 0.338542 0.679688 0.312500 0.679688
2 0.471354 0.921875 0.497396 0.921875 0.497396 0.895833 0.471354 0.895833
2 0.795573 0.803385 0.821615 0.803385 0.821615 0.777344 0.795573 0.777344
2 0.444010 0.925781 0.470052 0.925781 0.470052 0.899740 0.444010 0.899740
