0 0.002604 0.962240 1.000000 0.864583 1.000000 0.753906 0.005208 0.851562
1 0.277344 0.098958 0.329427 0.098958 0.329427 0.046875 0.277344 0.046875
1 0.695312 0.373698 0.747396 0.373698 0.747396 0.321615 0.695312 0.321615
1 0.279948 0.414062 0.332031 0.414062 0.332031 0.361979 0.279948 0.361979
1 0.776042 0.390625 0.828125 0.390625 0.828125 0.338542 0.776042 0.338542
1 0.505208 0.834635 0.557292 0.834635 0.557292 0.782552 0.505208 0.782552
1 0.544271 0.963542 0.596354 0.963542 0.596354 0.911458 0.544271 0.911458
2 0.540365 0.363281 0.566406 0.363281 0.566406 0.337240 0.540365 0.337240
2 0.321615 0.569010 0.347656 0.569010 0.347656 0.542969 0.321615 0.542969
2 0.755208 0.709635 0.781250 0.709635 0.781250 0.683594 0.755208 0.683594
2 0.690104 0.558594 0.716146 0.558594 0.716146 0.532552 0.690104 0.532552
2 0.240885 0.263021 0.266927 0.263021 0.266927 0.236979 0.240885 0.236979
2 0.078125 0.459635 0.104167 0.459635 0.104167 0.433594 0.078125 0.433594
2 0.658854 0.510417 0.684896 0.510417 0.684896 0.484375 0.658854 0.484375
