0 0.996094 0.652344 0.996094 0.541667 0.000000 0.371094 0.000000 0.481771
1 0.733073 0.092448 0.785156 0.092448 0.785156 0.040365 0.733073 0.040365
1 0.457031 0.153646 0.509115 0.153646 0.509115 0.101562 0.457031 0.101562
1 0.949219 0.367188 0.998698 0.367188 0.998698 0.315104 0.949219 0.315104
1 0.122396 0.253906 0.174479 0.253906 0.174479 0.201823 0.122396 0.201823
1 0.970052 0.397135 0.998698 0.397135 0.998698 0.345052 0.970052 0.345052
1 0.861979 0.723958 0.914062 0.723958 0.914062 0.671875 0.861979 0.671875
1 0.575521 0.700521 0.627604 0.700521 0.627604 0.648438 0.575521 0.648438
2 0.063802 0.427083 0.089844 0.427083 0.089844 0.401042 0.063802 0.401042
2 0.528646 0.347656 0.554688 0.347656 0.554688 0.321615 0.528646 0.321615
2 0.889323 0.858073 0.915365 0.858073 0.915365 0.832031 0.889323 0.832031
2 0.829427 0.901042 0.855469 0.901042 0.855469 0.875000 0.829427 0.875000
2 0.070312 0.559896 0.096354 0.559896 0.096354 0.533854 0.070312 0.533854
2 0.080729 0.483073 0.106771 0.483073 0.106771 0.457031 0.080729 0.457031
