0 0.002604 0.398437 1.000000 0.497396 1.000000 0.386719 0.001302 0.287760
1 0.828125 0.927083 0.880208 0.927083 0.880208 0.875000 0.828125 0.875000
1 0.621094 0.907552 0.673177 0.907552 0.673177 0.855469 0.621094 0.855469
1 0.470052 0.839844 0.522135 0.839844 0.522135 0.787760 0.470052 0.787760
1 0.212240 0.789062 0.264323 0.789062 0.264323 0.736979 0.212240 0.736979
1 0.886719 0.593750 0.938802 0.593750 0.938802 0.541667 0.886719 0.541667
1 0.679688 0.574219 0.731771 0.574219 0.731771 0.522135 0.679688 0.522135
1 0.712240 0.524740 0.764323 0.524740 0.764323 0.472656 0.712240 0.472656
1 0.175781 0.367188 0.227865 0.367188 0.227865 0.315104 0.175781 0.315104
2 0.738281 0.212240 0.764323 0.212240 0.764323 0.186198 0.738281 0.186198
2 0.001302 0.294271 0.026042 0.294271 0.026042 0.268229 0.001302 0.268229
2 0.782552 0.580729 0.808594 0.580729 0.808594 0.554688 0.782552 0.554688
2 0.204427 0.864583 0.230469 0.864583 0.230469 0.838542 0.204427 0.838542
2 0.263021 0.269531 0.289063 0.269531 0.289063 0.243490 0.263021 0.243490
2 0.834635 0.561198 0.860677 0.561198 0.860677 0.535156 0.834635 0.535156
2 0.694010 0.940104 0.720052 0.940104 0.720052 0.914062 0.694010 0.914062
