0 0.000000 0.648438 0.996094 0.731771 0.993490 0.621094 0.000000 0.537760
1 0.752604 0.315104 0.804688 0.315104 0.804688 0.263021 0.752604 0.263021
1 0.005208 0.513021 0.057292 0.513021 0.057292 0.460938 0.005208 0.460938
1 0.527344 0.816406 0.579427 0.816406 0.579427 0.764323 0.527344 0.764323
1 0.394531 0.830729 0.446615 0.830729 0.446615 0.778646 0.394531 0.778646
1 0.470052 0.891927 0.522135 0.891927 0.522135 0.839844 0.470052 0.839844
1 0.204427 0.947917 0.256510 0.947917 0.256510 0.895833 0.204427 0.895833
1 0.358073 0.960938 0.410156 0.960938 0.410156 0.908854 0.358073 0.908854
2 0.614583 0.692708 0.640625 0.692708 0.640625 0.666667 0.614583 0.666667
2 0.044271 0.959635 0.070312 0.959635 0.070312 0.933594 0.044271 0.933594
