0 0.000000 0.236979 0.000000 0.347656 0.990885 0.235677 0.992188 0.125000
1 0.861979 0.955729 0.914062 0.955729 0.914062 0.903646 0.861979 0.903646
1 0.795573 0.832031 0.847656 0.832031 0.847656 0.779948 0.795573 0.779948
1 0.585938 0.826823 0.638021 0.826823 0.638021 0.774740 0.585938 0.774740
1 0.686198 0.790365 0.738281 0.790365 0.738281 0.738281 0.686198 0.738281
1 0.096354 0.673177 0.148438 0.673177 0.148438 0.621094 0.096354 0.621094
1 0.786458 0.281250 0.838542 0.281250 0.838542 0.229167 0.786458 0.229167
1 0.156250 0.273438 0.208333 0.273438 0.208333 0.221354 0.156250 0.221354
1 0.523437 0.049479 0.575521 0.049479 0.575521 0.001302 0.523437 0.001302
2 0.763021 0.075521 0.789062 0.075521 0.789062 0.049479 0.763021 0.049479
2 0.748698 0.393229 0.774740 0.393229 0.774740 0.367188 0.748698 0.367188
2 0.864583 0.484375 0.890625 0.484375 0.890625 0.458333 0.864583 0.458333
2 0.311198 0.468750 0.337240 0.468750 0.337240 0.442708 0.311198 0.442708
2 0.098958 0.674479 0.125000 0.674479 0.125000 0.648438 0.098958 0.648438
2 0.610677 0.328125 0.636719 0.328125 0.636719 0.302083 0.610677 0.302083
2 0.958333 0.160156 0.984375 0.160156 0.984375 0.134115 0.958333 0.134115
