0 0.944010 1.000000 1.000000 0.108073 0.994792 0.022135 0.884115 0.018229
1 0.951823 0.679688 1.000000 0.679688 1.000000 0.627604 0.951823 0.627604
1 0.809896 0.923177 0.861979 0.923177 0.861979 0.871094 0.809896 0.871094
1 0.730469 0.459635 0.782552 0.459635 0.782552 0.407552 0.730469 0.407552
1 0.414062 0.842448 0.466146 0.842448 0.466146 0.790365 0.414062 0.790365
1 0.365885 0.898438 0.417969 0.898438 0.417969 0.846354 0.365885 0.846354
1 0.364583 0.873698 0.416667 0.873698 0.416667 0.821615 0.364583 0.821615
2 0.500000 0.500000 0.526042 0.500000 0.526042 0.473958 0.500000 0.473958
2 0.378906 0.662760 0.404948 0.662760 0.404948 0.636719 0.378906 0.636719
2 0.242188 0.567708 0.268229 0.567708 0.268229 0.541667 0.242188 0.541667
2 0.236979 0.464844 0.263021 0.464844 0.263021 0.438802 0.236979 0.438802
2 0.100260 0.785156 0.126302 0.785156 0.126302 0.759115 0.100260 0.759115
