0 0.307292 0.998698 1.000000 0.998698 1.000000 0.998698 1.000000 0.894531
1 0.236979 0.166667 0.289062 0.166667 0.289062 0.114583 0.236979 0.114583
1 0.466146 0.289062 0.518229 0.289062 0.518229 0.236979 0.466146 0.236979
1 0.851562 0.574219 0.903646 0.574219 0.903646 0.522135 0.851562 0.522135
1 0.515625 0.625000 0.567708 0.625000 0.567708 0.572917 0.515625 0.572917
1 0.583333 0.903646 0.635417 0.903646 0.635417 0.851562 0.583333 0.851562
1 0.557292 0.906250 0.609375 0.906250 0.609375 0.854167 0.557292 0.854167
1 0.019531 0.998698 0.071615 0.998698 0.071615 0.960938 0.019531 0.960938
2 0.609375 0.717448 0.635417 0.717448 0.635417 0.691406 0.609375 0.691406
2 0.606771 0.691406 0.632812 0.691406 0.632812 0.665365 0.606771 0.665365
2 0.800781 0.399740 0.826823 0.399740 0.826823 0.373698 0.800781 0.373698
2 0.701823 0.441406 0.727865 0.441406 0.727865 0.415365 0.701823 0.415365
2 0.001302 0.652344 0.020833 0.652344 0.020833 0.626302 0.001302 0.626302
2 0.902344 0.727865 0.928385 0.727865 0.928385 0.701823 0.902344 0.701823
2 0.055990 0.167969 0.082031 0.167969 0.082031 0.141927 0.055990 0.141927
