0 0.380208 1.000000 0.489583 1.000000 0.585938 0.010417 0.475260 0.013021
1 0.223958 0.946615 0.276042 0.946615 0.276042 0.894531 0.223958 0.894531
1 0.335938 0.330729 0.388021 0.330729 0.388021 0.278646 0.335938 0.278646
1 0.372396 0.751302 0.424479 0.751302 0.424479 0.699219 0.372396 0.699219
1 0.524740 0.794271 0.576823 0.794271 0.576823 0.742188 0.524740 0.742188
1 0.682292 0.257812 0.734375 0.257812 0.734375 0.205729 0.682292 0.205729
1 0.692708 0.705729 0.744792 0.705729 0.744792 0.653646 0.692708 0.653646
1 0.747396 0.944010 0.799479 0.944010 0.799479 0.891927 0.747396 0.891927
1 0.813802 0.795573 0.865885 0.795573 0.865885 0.743490 0.813802 0.743490
2 0.203125 0.317708 0.229167 0.317708 0.229167 0.291667 0.203125 0.291667
2 0.106771 0.255208 0.132812 0.255208 0.132812 0.229167 0.106771 0.229167
2 0.066406 0.381510 0.092448 0.381510 0.092448 0.355469 0.066406 0.355469
2 0.773438 0.397135 0.799479 0.397135 0.799479 0.371094 0.773438 0.371094
2 0.647135 0.882812 0.673177 0.882812 0.673177 0.856771 0.647135 0.856771
