0 0.183594 1.000000 0.294271 1.000000 0.404948 0.006510 0.294271 0.007812
1 0.059896 0.244792 0.111979 0.244792 0.111979 0.192708 0.059896 0.192708
1 0.097656 0.615885 0.149740 0.615885 0.149740 0.563802 0.097656 0.563802
1 0.104167 0.773438 0.156250 0.773438 0.156250 0.721354 0.104167 0.721354
1 0.153646 0.805990 0.205729 0.805990 0.205729 0.753906 0.153646 0.753906
1 0.235677 0.787760 0.287760 0.787760 0.287760 0.735677 0.235677 0.735677
1 0.834635 0.095052 0.886719 0.095052 0.886719 0.042969 0.834635 0.042969
1 0.837240 0.566406 0.889323 0.566406 0.889323 0.514323 0.837240 0.514323
1 0.867188 0.753906 0.919271 0.753906 0.919271 0.701823 0.867188 0.701823
2 0.666667 0.180990 0.692708 0.180990 0.692708 0.154948 0.666667 0.154948
