0 0.000000 0.966146 0.223958 0.998698 0.994792 0.997396 0.000000 0.855469
1 0.565104 0.065104 0.617188 0.065104 0.617188 0.013021 0.565104 0.013021
1 0.884115 0.214844 0.936198 0.214844 0.936198 0.162760 0.884115 0.162760
1 0.799479 0.255208 0.851562 0.255208 0.851562 0.203125 0.799479 0.203125
1 0.516927 0.399740 0.569010 0.399740 0.569010 0.347656 0.516927 0.347656
1 0.671875 0.421875 0.723958 0.421875 0.723958 0.369792 0.671875 0.369792
1 0.240885 0.861979 0.292969 0.861979 0.292969 0.809896 0.240885 0.809896
1 0.598958 0.937500 0.651042 0.937500 0.651042 0.885417 0.598958 0.885417
2 0.368490 0.140625 0.394531 0.140625 0.394531 0.114583 0.368490 0.114583
2 0.930990 0.062500 0.957031 0.062500 0.957031 0.036458 0.930990 0.036458
2 0.817708 0.863281 0.843750 0.863281 0.843750 0.837240 0.817708 0.837240
2 0.305990 0.578125 0.332031 0.578125 0.332031 0.552083 0.305990 0.552083
2 0.040365 0.595052 0.066406 0.595052 0.066406 0.569010 0.040365 0.569010
2 0.096354 0.208333 0.122396 0.208333 0.122396 0.182292 0.096354 0.182292
2 0.924479 0.299479 0.950521 0.299479 0.950521 0.273438 0.924479 0.273438
2 0.433594 0.597656 0.459635 0.597656 0.459635 0.571615 0.433594 0.571615
