0 0.596354 1.000000 0.707031 1.000000 0.769531 0.011719 0.658854 0.014323
1 0.123698 0.687500 0.175781 0.687500 0.175781 0.635417 0.123698 0.635417
1 0.156250 0.167969 0.208333 0.167969 0.208333 0.115885 0.156250 0.115885
1 0.216146 0.040365 0.268229 0.040365 0.268229 0.001302 0.216146 0.001302
1 0.235677 0.563802 0.287760 0.563802 0.287760 0.511719 0.235677 0.511719
1 0.342448 0.127604 0.394531 0.127604 0.394531 0.075521 0.342448 0.075521
1 0.398438 0.053385 0.450521 0.053385 0.450521 0.001302 0.398438 0.001302
1 0.420573 0.523438 0.472656 0.523438 0.472656 0.471354 0.420573 0.471354
1 0.920573 0.894531 0.972656 0.894531 0.972656 0.842448 0.920573 0.842448
2 0.660156 0.016927 0.686198 0.016927 0.686198 0.001302 0.660156 0.001302
2 0.575521 0.949219 0.601562 0.949219 0.601562 0.923177 0.575521 0.923177
2 0.174479 0.690104 0.200521 0.690104 0.200521 0.664062 0.174479 0.664062
2 0.944010 0.477865 0.970052 0.477865 0.970052 0.451823 0.944010 0.451823
2 0.014323 0.367187 0.040365 0.367187 0.040365 0.341146 0.014323 0.341146
