0 0.013021 0.852865 1.000000 0.773438 1.000000 0.662760 0.015625 0.742188
1 0.002604 0.485677 0.054688 0.485677 0.054688 0.433594 0.002604 0.433594
1 0.369792 0.507812 0.421875 0.507812 0.421875 0.455729 0.369792 0.455729
1 0.712240 0.558594 0.764323 0.558594 0.764323 0.506510 0.712240 0.506510
1 0.641927 0.641927 0.694010 0.641927 0.694010 0.589844 0.641927 0.589844
1 0.888021 0.804688 0.940104 0.804688 0.940104 0.752604 0.888021 0.752604
1 0.223958 0.989583 0.276042 0.989583 0.276042 0.937500 0.223958 0.937500
2 0.565104 0.337240 0.591146 0.337240 0.591146 0.311198 0.565104 0.311198
2 0.696615 0.351562 0.722656 0.351562 0.722656 0.325521 0.696615 0.325521
2 0.235677 0.467448 0.261719 0.467448 0.261719 0.441406 0.235677 0.441406
2 0.522135 0.785156 0.548177 0.785156 0.548177 0.759115 0.522135 0.759115
2 0.695312 0.998698 0.721354 0.998698 0.721354 0.979167 0.695312 0.979167
2 0.160156 0.500000 0.186198 0.500000 0.186198 0.473958 0.160156 0.473958
2 0.958333 0.697917 0.984375 0.697917 0.984375 0.671875 0.958333 0.671875
