0 0.502604 1.000000 0.613281 1.000000 0.712240 0.001302 0.601562 0.002604
1 0.072917 0.880208 0.125000 0.880208 0.125000 0.828125 0.072917 0.828125
1 0.092448 0.673177 0.144531 0.673177 0.144531 0.621094 0.092448 0.621094
1 0.160156 0.522135 0.212240 0.522135 0.212240 0.470052 0.160156 0.470052
1 0.210938 0.264323 0.263021 0.264323 0.263021 0.212240 0.210938 0.212240
1 0.406250 0.938802 0.458333 0.938802 0.458333 0.886719 0.406250 0.886719
1 0.425781 0.731771 0.477865 0.731771 0.477865 0.679688 0.425781 0.679688
1 0.475260 0.764323 0.527344 0.764323 0.527344 0.712240 0.475260 0.712240
1 0.632812 0.227865 0.684896 0.227865 0.684896 0.175781 0.632812 0.175781
2 0.787760 0.764323 0.813802 0.764323 0.813802 0.738281 0.787760 0.738281
2 0.705729 0.026042 0.731771 0.026042 0.731771 0.001302 0.705729 0.001302
2 0.419271 0.808594 0.445312 0.808594 0.445312 0.782552 0.419271 0.782552
2 0.135417 0.230469 0.161458 0.230469 0.161458 0.204427 0.135417 0.204427
2 0.730469 0.289062 0.756510 0.289062 0.756510 0.263021 0.730469 0.263021
2 0.438802 0.860677 0.464844 0.860677 0.464844 0.834635 0.438802 0.834635
2 0.059896 0.720052 0.085938 0.720052 0.085938 0.694010 0.059896 0.694010
