0 0.157552 0.972656 0.268229 0.977865 0.233073 0.000000 0.122396 0.000000
1 0.029948 0.539063 0.082031 0.539063 0.082031 0.486979 0.029948 0.486979
1 0.183594 0.483073 0.235677 0.483073 0.235677 0.430990 0.183594 0.430990
1 0.343750 0.557292 0.395833 0.557292 0.395833 0.505208 0.343750 0.505208
1 0.401042 0.658854 0.453125 0.658854 0.453125 0.606771 0.401042 0.606771
1 0.625000 0.415365 0.677083 0.415365 0.677083 0.363281 0.625000 0.363281
1 0.875000 0.798177 0.927083 0.798177 0.927083 0.746094 0.875000 0.746094
1 0.919271 0.587240 0.971354 0.587240 0.971354 0.535156 0.919271 0.535156
1 0.957031 0.951823 0.998698 0.951823 0.998698 0.899740 0.957031 0.899740
2 0.356771 0.191406 0.382812 0.191406 0.382812 0.165365 0.356771 0.165365
