0 0.000000 0.217448 0.989583 0.278646 0.985677 0.167969 0.000000 0.106771
1 0.761719 0.048177 0.813802 0.048177 0.813802 0.000000 0.761719 0.000000
1 0.837240 0.130208 0.889323 0.130208 0.889323 0.078125 0.837240 0.078125
1 0.101562 0.214844 0.153646 0.214844 0.153646 0.162760 0.101562 0.162760
1 0.126302 0.217448 0.178385 0.217448 0.178385 0.165365 0.126302 0.165365
1 0.253906 0.277344 0.305990 0.277344 0.305990 0.225260 0.253906 0.225260
1 0.954427 0.319010 0.998698 0.319010 0.998698 0.266927 0.954427 0.266927
1 0.861979 0.575521 0.914062 0.575521 0.914062 0.523438 0.861979 0.523438
2 0.087240 0.839844 0.113281 0.839844 0.113281 0.813802 0.087240 0.813802
2 0.480469 0.394531 0.506510 0.394531 0.506510 0.368490 0.480469 0.368490
2 0.428385 0.391927 0.454427 0.391927 0.454427 0.365885 0.428385 0.365885
2 0.335938 0.619792 0.361979 0.619792 0.361979 0.593750 0.335938 0.593750
