0 0.954427 0.996094 0.998698 0.561198 0.912760 -0.000000 0.802083 -0.000000
1 0.152344 0.494792 0.204427 0.494792 0.204427 0.442708 0.152344 0.442708
1 0.419271 0.691406 0.471354 0.691406 0.471354 0.639323 0.419271 0.639323
1 0.662760 0.391927 0.714844 0.391927 0.714844 0.339844 0.662760 0.339844
1 0.718750 0.410156 0.770833 0.410156 0.770833 0.358073 0.718750 0.358073
2 0.695312 0.414062 0.721354 0.414062 0.721354 0.388021 0.695312 0.388021
2 0.621094 0.794271 0.647135 0.794271 0.647135 0.768229 0.621094 0.768229
2 0.641927 0.923177 0.667969 0.923177 0.667969 0.897135 0.641927 0.897135
2 0.496094 0.312500 0.522135 0.312500 0.522135 0.286458 0.496094 0.286458
2 0.468750 0.658854 0.494792 0.658854 0.494792 0.632812 0.468750 0.632812
