0 0.221354 1.000000 0.332031 1.000000 0.399740 0.015625 0.289062 0.018229
1 0.199219 0.351562 0.251302 0.351562 0.251302 0.299479 0.199219 0.299479
1 0.403646 0.783854 0.455729 0.783854 0.455729 0.731771 0.403646 0.731771
1 0.888021 0.190104 0.940104 0.190104 0.940104 0.138021 0.888021 0.138021
1 0.886719 0.606771 0.938802 0.606771 0.938802 0.554688 0.886719 0.554688
1 0.898438 0.816406 0.950521 0.816406 0.950521 0.764323 0.898438 0.764323
2 0.917969 0.869792 0.944010 0.869792 0.944010 0.843750 0.917969 0.843750
2 0.091146 0.760417 0.117188 0.760417 0.117188 0.734375 0.091146 0.734375
2 0.446615 0.158854 0.472656 0.158854 0.472656 0.132812 0.446615 0.132812
2 0.082031 0.891927 0.108073 0.891927 0.108073 0.865885 0.082031 0.865885
2 0.959635 0.638021 0.985677 0.638021 0.985677 0.611979 0.959635 0.611979
2 0.832031 0.602865 0.858073 0.602865 0.858073 0.576823 0.832031 0.576823
2 0.470052 0.576823 0.496094 0.576823 0.496094 0.550781 0.470052 0.550781
2 0.587240 0.351562 0.613281 0.351562 0.613281 0.325521 0.587240 0.325521
