0 0.040365 0.782552 1.000000 0.795573 1.000000 0.684896 0.026042 0.671875
1 0.782552 0.869792 0.834635 0.869792 0.834635 0.817708 0.782552 0.817708
1 0.938802 0.742188 0.990885 0.742188 0.990885 0.690104 0.938802 0.690104
1 0.110677 0.522135 0.162760 0.522135 0.162760 0.470052 0.110677 0.470052
1 0.946615 0.325521 0.998698 0.325521 0.998698 0.273438 0.946615 0.273438
1 0.246094 0.108073 0.298177 0.108073 0.298177 0.055990 0.246094 0.055990
1 0.583333 0.059896 0.635417 0.059896 0.635417 0.007812 0.583333 0.007812
2 0.811198 0.582031 0.837240 0.582031 0.837240 0.555990 0.811198 0.555990
2 0.529948 0.266927 0.555990 0.266927 0.555990 0.240885 0.529948 0.240885
2 0.966146 0.819010 0.992188 0.819010 0.992188 0.792969 0.966146 0.792969
