0 0.001302 0.494792 1.000000 0.588542 1.000000 0.477865 0.013021 0.385417
1 0.177083 0.630208 0.229167 0.630208 0.229167 0.578125 0.177083 0.578125
1 0.006510 0.509115 0.058594 0.509115 0.058594 0.457031 0.006510 0.457031
1 0.713542 0.470052 0.765625 0.470052 0.765625 0.417969 0.713542 0.417969
2 0.860677 0.848958 0.886719 0.848958 0.886719 0.822917 0.860677 0.822917
2 0.644531 0.356771 0.670573 0.356771 0.670573 0.330729 0.644531 0.330729
2 0.779948 0.894531 0.805990 0.894531 0.805990 0.868490 0.779948 0.868490
2 0.304688 0.377604 0.330729 0.377604 0.330729 0.351562 0.304688 0.351562
2 0.908854 0.330729 0.934896 0.330729 0.934896 0.304688 0.908854 0.304688
2 0.847656 0.717448 0.873698 0.717448 0.873698 0.691406 0.847656 0.691406
