0 0.079427 1.000000 0.190104 1.000000 0.123698 0.013021 0.013021 0.010417
1 0.928385 0.286458 0.980469 0.286458 0.980469 0.234375 0.928385 0.234375
1 0.630208 0.125000 0.682292 0.125000 0.682292 0.072917 0.630208 0.072917
1 0.240885 0.933594 0.292969 0.933594 0.292969 0.881510 0.240885 0.881510
1 0.161458 0.522135 0.213542 0.522135 0.213542 0.470052 0.161458 0.470052
2 0.157552 0.444010 0.183594 0.444010 0.183594 0.417969 0.157552 0.417969
2 0.743490 0.639323 0.769531 0.639323 0.769531 0.613281 0.743490 0.613281
2 0.382812 0.299479 0.408854 0.299479 0.408854 0.273438 0.382812 0.273438
2 0.110677 0.526042 0.136719 0.526042 0.136719 0.500000 0.110677 0.500000
2 0.786458 0.873698 0.812500 0.873698 0.812500 0.847656 0.786458 0.847656
2 0.522135 0.054688 0.548177 0.054688 0.548177 0.028646 0.522135 0.028646
2 0.076823 0.397135 0.102865 0.397135 0.102865 0.371094 0.076823 0.371094
