0 0.000000 0.562500 0.973958 0.514323 0.977865 0.403646 0.000000 0.451823
1 0.833333 0.953125 0.885417 0.953125 0.885417 0.901042 0.833333 0.901042
1 0.460938 0.813802 0.513021 0.813802 0.513021 0.761719 0.460938 0.761719
1 0.186198 0.515625 0.238281 0.515625 0.238281 0.463542 0.186198 0.463542
1 0.264323 0.510417 0.316406 0.510417 0.316406 0.458333 0.264323 0.458333
1 0.950521 0.164062 0.998698 0.164062 0.998698 0.111979 0.950521 0.111979
1 0.319010 0.065104 0.371094 0.065104 0.371094 0.013021 0.319010 0.013021
1 0.319010 0.039062 0.371094 0.039062 0.371094 0.001302 0.319010 0.001302
2 0.674479 0.388021 0.700521 0.388021 0.700521 0.361979 0.674479 0.361979
2 0.384115 0.296875 0.410156 0.296875 0.410156 0.270833 0.384115 0.270833
