0 0.325521 0.984375 0.436198 0.981771 0.507813 0.000000 0.397135 0.000000
1 0.895833 0.842448 0.947917 0.842448 0.947917 0.790365 0.895833 0.790365
1 0.597656 0.639323 0.649740 0.639323 0.649740 0.587240 0.597656 0.587240
1 0.578125 0.898438 0.630208 0.898438 0.630208 0.846354 0.578125 0.846354
1 0.536458 0.373698 0.588542 0.373698 0.588542 0.321615 0.536458 0.321615
1 0.367188 0.570312 0.419271 0.570312 0.419271 0.518229 0.367188 0.518229
2 0.001302 0.959635 0.023437 0.959635 0.023437 0.933594 0.001302 0.933594
2 0.748698 0.700521 0.774740 0.700521 0.774740 0.674479 0.748698 0.674479
2 0.372396 0.125000 0.398438 0.125000 0.398438 0.098958 0.372396 0.098958
2 0.768229 0.415365 0.794271 0.415365 0.794271 0.389323 0.768229 0.389323
2 0.209635 0.218750 0.235677 0.218750 0.235677 0.192708 0.209635 0.192708
2 0.674479 0.277344 0.700521 0.277344 0.700521 0.251302 0.674479 0.251302
2 0.532552 0.058594 0.558594 0.058594 0.558594 0.032552 0.532552 0.032552
2 0.300781 0.041667 0.326823 0.041667 0.326823 0.015625 0.300781 0.015625
