0 0.007813 0.851562 0.005208 0.962240 1.000000 0.850260 1.000000 0.739583
1 0.917969 0.031250 0.970052 0.031250 0.970052 0.000000 0.917969 0.000000
1 0.382812 0.169271 0.434896 0.169271 0.434896 0.117188 0.382812 0.117188
1 0.214844 0.317708 0.266927 0.317708 0.266927 0.265625 0.214844 0.265625
1 0.174479 0.428385 0.226562 0.428385 0.226562 0.376302 0.174479 0.376302
1 0.434896 0.634115 0.486979 0.634115 0.486979 0.582031 0.434896 0.582031
1 0.218750 0.817708 0.270833 0.817708 0.270833 0.765625 0.218750 0.765625
1 0.688802 0.790365 0.740885 0.790365 0.740885 0.738281 0.688802 0.738281
1 0.576823 0.958333 0.628906 0.958333 0.628906 0.906250 0.576823 0.906250
2 0.833333 0.904948 0.859375 0.904948 0.859375 0.878906 0.833333 0.878906
2 0.781250 0.911458 0.807292 0.911458 0.807292 0.885417 0.781250 0.885417
2 0.259115 0.236979 0.285156 0.236979 0.285156 0.210938 0.259115 0.210938
2 0.160156 0.273438 0.186198 0.273438 0.186198 0.247396 0.160156 0.247396
