0 0.507812 1.000000 0.618490 1.000000 0.727865 0.007812 0.617188 0.009115
1 0.118490 0.881510 0.170573 0.881510 0.170573 0.829427 0.118490 0.829427
1 0.207031 0.315104 0.259115 0.315104 0.259115 0.263021 0.207031 0.263021
1 0.536458 0.429688 0.588542 0.429688 0.588542 0.377604 0.536458 0.377604
1 0.554687 0.981771 0.606771 0.981771 0.606771 0.929688 0.554687 0.929688
2 0.817708 0.718750 0.843750 0.718750 0.843750 0.692708 0.817708 0.692708
2 0.971354 0.029948 0.997396 0.029948 0.997396 0.003906 0.971354 0.003906
2 0.361979 0.095052 0.388021 0.095052 0.388021 0.069010 0.361979 0.069010
2 0.118490 0.878906 0.144531 0.878906 0.144531 0.852865 0.118490 0.852865
2 0.393229 0.751302 0.419271 0.751302 0.419271 0.725260 0.393229 0.725260
2 0.917969 0.756510 0.944010 0.756510 0.944010 0.730469 0.917969 0.730469
