0 0.023438 1.000000 0.134115 1.000000 0.093750 0.018229 0.001302 0.460938
1 0.962240 0.324219 1.000000 0.324219 1.000000 0.272135 0.962240 0.272135
1 0.830729 0.278646 0.882812 0.278646 0.882812 0.226562 0.830729 0.226562
1 0.622396 0.286458 0.674479 0.286458 0.674479 0.234375 0.622396 0.234375
1 0.591146 0.182292 0.643229 0.182292 0.643229 0.130208 0.591146 0.130208
1 0.208333 1.000000 0.260417 1.000000 0.260417 0.953125 0.208333 0.953125
1 0.192708 0.667969 0.244792 0.667969 0.244792 0.615885 0.192708 0.615885
1 0.182292 0.382813 0.234375 0.382813 0.234375 0.330729 0.182292 0.330729
2 0.209635 0.434896 0.235677 0.434896 0.235677 0.408854 0.209635 0.408854
2 0.747396 0.777344 0.773438 0.777344 0.773438 0.751302 0.747396 0.751302
2 0.285156 0.325521 0.311198 0.325521 0.311198 0.299479 0.285156 0.299479
2 0.302083 0.716146 0.328125 0.716146 0.328125 0.690104 0.302083 0.690104
