0 0.000000 0.509115 0.990885 0.428385 0.993490 0.317708 0.000000 0.398438
1 0.632812 0.252604 0.684896 0.252604 0.684896 0.200521 0.632812 0.200521
1 0.135417 0.214844 0.187500 0.214844 0.187500 0.162760 0.135417 0.162760
1 0.263021 0.177083 0.315104 0.177083 0.315104 0.125000 0.263021 0.125000
2 0.057292 0.873698 0.083333 0.873698 0.083333 0.847656 0.057292 0.847656
2 0.010417 0.617188 0.036458 0.617188 0.036458 0.591146 0.010417 0.591146
2 0.779948 0.739583 0.805990 0.739583 0.805990 0.713542 0.779948 0.713542
2 0.613281 0.307292 0.639323 0.307292 0.639323 0.281250 0.613281 0.281250
2 0.341146 0.825521 0.367188 0.825521 0.367188 0.799479 0.341146 0.799479
2 0.358073 0.694010 0.384115 0.694010 0.384115 0.667969 0.358073 0.667969
2 0.574219 0.808594 0.600260 0.808594 0.600260 0.782552 0.574219 0.782552
