0 0.470052 0.997396 0.580729 0.998698 0.410156 0.000000 0.299479 0.000000
1 0.036458 0.283854 0.088542 0.283854 0.088542 0.231771 0.036458 0.231771
1 0.188802 0.998698 0.240885 0.998698 0.240885 0.970052 0.188802 0.970052
1 0.341146 0.363281 0.393229 0.363281 0.393229 0.311198 0.341146 0.311198
1 0.501302 0.996094 0.553385 0.996094 0.553385 0.944010 0.501302 0.944010
1 0.653646 0.812500 0.705729 0.812500 0.705729 0.760417 0.653646 0.760417
1 0.688802 0.382812 0.740885 0.382812 0.740885 0.330729 0.688802 0.330729
2 0.923177 0.371094 0.949219 0.371094 0.949219 0.345052 0.923177 0.345052
2 0.052083 0.838542 0.078125 0.838542 0.078125 0.812500 0.052083 0.812500
2 0.886719 0.773438 0.912760 0.773438 0.912760 0.747396 0.886719 0.747396
2 0.369792 0.069010 0.395833 0.069010 0.395833 0.042969 0.369792 0.042969
2 0.675781 0.467448 0.701823 0.467448 0.701823 0.441406 0.675781 0.441406
