0 0.001302 1.000000 0.001302 1.000000 0.065104 1.000000 0.001302 0.111979
1 0.924479 0.990885 0.976562 0.990885 0.976562 0.938802 0.924479 0.938802
1 0.688802 0.250000 0.740885 0.250000 0.740885 0.197917 0.688802 0.197917
1 0.583333 0.596354 0.635417 0.596354 0.635417 0.544271 0.583333 0.544271
1 0.367188 0.847656 0.419271 0.847656 0.419271 0.795573 0.367188 0.795573
1 0.283854 0.408854 0.335938 0.408854 0.335938 0.356771 0.283854 0.356771
1 0.223958 0.674479 0.276042 0.674479 0.276042 0.622396 0.223958 0.622396
2 0.901042 0.287760 0.927083 0.287760 0.927083 0.261719 0.901042 0.261719
2 0.243490 0.205729 0.269531 0.205729 0.269531 0.179688 0.243490 0.179688
2 0.390625 0.454427 0.416667 0.454427 0.416667 0.428385 0.390625 0.428385
2 0.136719 0.527344 0.162760 0.527344 0.162760 0.501302 0.136719 0.501302
2 0.053385 0.479167 0.079427 0.479167 0.079427 0.453125 0.053385 0.453125
2 0.208333 0.442708 0.234375 0.442708 0.234375 0.416667 0.208333 0.416667
2 0.398438 0.167969 0.424479 0.167969 0.424479 0.141927 0.398438 0.141927
2 0.921875 0.574219 0.947917 0.574219 0.947917 0.548177 0.921875 0.548177
