0 0.000000 0.953125 0.976562 0.904948 0.980469 0.794271 0.000000 0.842448
1 0.372396 0.584635 0.424479 0.584635 0.424479 0.532552 0.372396 0.532552
1 0.501302 0.576823 0.553385 0.576823 0.553385 0.524740 0.501302 0.524740
1 0.881510 0.350260 0.933594 0.350260 0.933594 0.298177 0.881510 0.298177
1 0.641927 0.259115 0.694010 0.259115 0.694010 0.207031 0.641927 0.207031
1 0.662760 0.153646 0.714844 0.153646 0.714844 0.101562 0.662760 0.101562
2 0.928385 0.243490 0.954427 0.243490 0.954427 0.217448 0.928385 0.217448
2 0.063802 0.652344 0.089844 0.652344 0.089844 0.626302 0.063802 0.626302
2 0.134115 0.490885 0.160156 0.490885 0.160156 0.464844 0.134115 0.464844
2 0.042969 0.782552 0.069010 0.782552 0.069010 0.756510 0.042969 0.756510
2 0.199219 0.229167 0.225260 0.229167 0.225260 0.203125 0.199219 0.203125
