0 0.016927 0.843750 1.000000 0.790365 1.000000 0.679688 0.019531 0.733073
1 0.138021 0.072917 0.190104 0.072917 0.190104 0.020833 0.138021 0.020833
1 0.304688 0.273438 0.356771 0.273438 0.356771 0.221354 0.304688 0.221354
1 0.783854 0.458333 0.835938 0.458333 0.835938 0.406250 0.783854 0.406250
1 0.946615 0.552083 0.998698 0.552083 0.998698 0.500000 0.946615 0.500000
1 0.093750 0.726562 0.145833 0.726562 0.145833 0.674479 0.093750 0.674479
1 0.589844 0.753906 0.641927 0.753906 0.641927 0.701823 0.589844 0.701823
1 0.460938 0.760417 0.513021 0.760417 0.513021 0.708333 0.460938 0.708333
1 0.652344 0.933594 0.704427 0.933594 0.704427 0.881510 0.652344 0.881510
2 0.006510 0.054688 0.032552 0.054688 0.032552 0.028646 0.006510 0.028646
2 0.238281 0.462240 0.264323 0.462240 0.264323 0.436198 0.238281 0.436198
