0 0.865885 1.000000 0.976562 1.000000 0.914062 0.011719 0.803385 0.007812
1 0.916667 0.083333 0.968750 0.083333 0.968750 0.031250 0.916667 0.031250
1 0.856771 0.790365 0.908854 0.790365 0.908854 0.738281 0.856771 0.738281
1 0.709635 0.513021 0.761719 0.513021 0.761719 0.460938 0.709635 0.460938
1 0.683594 0.930990 0.735677 0.930990 0.735677 0.878906 0.683594 0.878906
1 0.567708 0.755208 0.619792 0.755208 0.619792 0.703125 0.567708 0.703125
1 0.522135 0.861979 0.574219 0.861979 0.574219 0.809896 0.522135 0.809896
1 0.489583 0.759115 0.541667 0.759115 0.541667 0.707031 0.489583 0.707031
2 0.630208 0.074219 0.656250 0.074219 0.656250 0.048177 0.630208 0.048177
2 0.661458 0.567708 0.687500 0.567708 0.687500 0.541667 0.661458 0.541667
2 0.035156 0.972656 0.061198 0.972656 0.061198 0.946615 0.035156 0.946615
2 0.052083 0.423177 0.078125 0.423177 0.078125 0.397135 0.052083 0.397135
2 0.595052 0.753906 0.621094 0.753906 0.621094 0.727865 0.595052 0.727865
2 0.541667 0.730469 0.567708 0.730469 0.567708 0.704427 0.541667 0.704427
2 0.449219 0.920573 0.475260 0.920573 0.475260 0.894531 0.449219 0.894531
2 0.821615 0.217448 0.847656 0.217448 0.847656 0.191406 0.821615 0.191406
