0 0.005208 0.453125 0.002604 0.563802 1.000000 0.440104 1.000000 0.329427
1 0.141927 0.173177 0.194010 0.173177 0.194010 0.121094 0.141927 0.121094
1 0.001302 0.561198 0.032552 0.561198 0.032552 0.509115 0.001302 0.509115
1 0.216146 0.557292 0.268229 0.557292 0.268229 0.505208 0.216146 0.505208
1 0.011719 0.609375 0.063802 0.609375 0.063802 0.557292 0.011719 0.557292
1 0.045573 0.657552 0.097656 0.657552 0.097656 0.605469 0.045573 0.605469
2 0.962240 0.651042 0.988281 0.651042 0.988281 0.625000 0.962240 0.625000
2 0.924479 0.130208 0.950521 0.130208 0.950521 0.104167 0.924479 0.104167
2 0.023438 0.268229 0.049479 0.268229 0.049479 0.242188 0.023438 0.242188
2 0.108073 0.309896 0.134115 0.309896 0.134115 0.283854 0.108073 0.283854
