0 0.300781 0.986979 0.411458 0.984375 0.477865 0.000000 0.367188 0.000000
1 0.769531 0.389323 0.821615 0.389323 0.821615 0.337240 0.769531 0.337240
1 0.760417 0.152344 0.812500 0.152344 0.812500 0.100260 0.760417 0.100260
1 0.583333 0.480469 0.635417 0.480469 0.635417 0.428385 0.583333 0.428385
1 0.481771 0.811198 0.533854 0.811198 0.533854 0.759115 0.481771 0.759115
1 0.368490 0.937500 0.420573 0.937500 0.420573 0.885417 0.368490 0.885417
1 0.183594 0.975260 0.235677 0.975260 0.235677 0.923177 0.183594 0.923177
2 0.416667 0.207031 0.442708 0.207031 0.442708 0.180990 0.416667 0.180990
2 0.225260 0.351562 0.251302 0.351562 0.251302 0.325521 0.225260 0.325521
2 0.325521 0.776042 0.351562 0.776042 0.351562 0.750000 0.325521 0.750000
