0 0.000000 0.998698 0.000000 0.998698 0.980469 0.911458 0.000000 0.891927
1 0.348958 0.210938 0.401042 0.210938 0.401042 0.158854 0.348958 0.158854
1 0.347656 0.289062 0.399740 0.289062 0.399740 0.236979 0.347656 0.236979
1 0.240885 0.470052 0.292969 0.470052 0.292969 0.417969 0.240885 0.417969
1 0.050781 0.804688 0.102865 0.804688 0.102865 0.752604 0.050781 0.752604
1 0.000000 0.984375 0.046875 0.984375 0.046875 0.932292 0.000000 0.932292
2 0.714844 0.111979 0.740885 0.111979 0.740885 0.085938 0.714844 0.085938
2 0.088542 0.231771 0.114583 0.231771 0.114583 0.205729 0.088542 0.205729
2 0.273438 0.130208 0.299479 0.130208 0.299479 0.104167 0.273438 0.104167
2 0.708333 0.529948 0.734375 0.529948 0.734375 0.503906 0.708333 0.503906
2 0.942708 0.535156 0.968750 0.535156 0.968750 0.509115 0.942708 0.509115
2 0.653646 0.710938 0.679688 0.710938 0.679688 0.684896 0.653646 0.684896
2 0.136719 0.335938 0.162760 0.335938 0.162760 0.309896 0.136719 0.309896
