0 0.518229 1.000000 0.628906 1.000000 0.458333 0.003906 0.347656 0.003906
1 0.907552 0.266927 0.959635 0.266927 0.959635 0.214844 0.907552 0.214844
1 0.846354 0.542969 0.898438 0.542969 0.898438 0.490885 0.846354 0.490885
1 0.632812 0.050781 0.684896 0.050781 0.684896 0.001302 0.632812 0.001302
1 0.746094 0.877604 0.798177 0.877604 0.798177 0.825521 0.746094 0.825521
1 0.602865 0.029948 0.654948 0.029948 0.654948 0.001302 0.602865 0.001302
1 0.276042 0.138021 0.328125 0.138021 0.328125 0.085938 0.276042 0.085938
1 0.299479 0.424479 0.351562 0.424479 0.351562 0.372396 0.299479 0.372396
2 0.572917 0.936198 0.598958 0.936198 0.598958 0.910156 0.572917 0.910156
2 0.652344 0.471354 0.678385 0.471354 0.678385 0.445312 0.652344 0.445312
2 0.141927 0.110677 0.167969 0.110677 0.167969 0.084635 0.141927 0.084635
2 0.098958 0.170573 0.125000 0.170573 0.125000 0.144531 0.098958 0.144531
2 0.440104 0.929688 0.466146 0.929688 0.466146 0.903646 0.440104 0.903646
2 0.516927 0.919271 0.542969 0.919271 0.542969 0.893229 0.516927 0.893229
