0 0.000000 0.507813 0.981771 0.436198 0.984375 0.325521 0.000000 0.397135
1 0.790365 0.947917 0.842448 0.947917 0.842448 0.895833 0.790365 0.895833
1 0.587240 0.649740 0.639323 0.649740 0.639323 0.597656 0.587240 0.597656
1 0.846354 0.630208 0.898438 0.630208 0.898438 0.578125 0.846354 0.578125
1 0.321615 0.588542 0.373698 0.588542 0.373698 0.536458 0.321615 0.536458
1 0.518229 0.419271 0.570312 0.419271 0.570312 0.367188 0.518229 0.367188
2 0.933594 0.023437 0.959635 0.023437 0.959635 0.001302 0.933594 0.001302
2 0.674479 0.774740 0.700521 0.774740 0.700521 0.748698 0.674479 0.748698
2 0.098958 0.398438 0.125000 0.398438 0.125000 0.372396 0.098958 0.372396
2 0.389323 0.794271 0.415365 0.794271 0.415365 0.768229 0.389323 0.768229
2 0.192708 0.235677 0.218750 0.235677 0.218750 0.209635 0.192708 0.209635
2 0.251302 0.700521 0.277344 0.700521 0.277344 0.674479 0.251302 0.674479
2 0.032552 0.558594 0.058594 0.558594 0.058594 0.532552 0.032552 0.532552
2 0.015625 0.326823 0.041667 0.326823 0.041667 0.300781 0.015625 0.300781
