0 0.236979 0.990885 0.347656 0.992188 0.234375 0.000000 0.123698 0.000000
1 0.006510 0.998698 0.058594 0.998698 0.058594 0.971354 0.006510 0.971354
1 0.023438 0.733073 0.075521 0.733073 0.075521 0.680990 0.023438 0.680990
1 0.096354 0.200521 0.148438 0.200521 0.148438 0.148438 0.096354 0.148438
1 0.315104 0.282552 0.367188 0.282552 0.367188 0.230469 0.315104 0.230469
1 0.384115 0.665365 0.436198 0.665365 0.436198 0.613281 0.384115 0.613281
1 0.391927 0.509115 0.444010 0.509115 0.444010 0.457031 0.391927 0.457031
1 0.691406 0.371094 0.743490 0.371094 0.743490 0.319010 0.691406 0.319010
1 0.876302 0.847656 0.928385 0.847656 0.928385 0.795573 0.876302 0.795573
2 0.876302 0.140625 0.902344 0.140625 0.902344 0.114583 0.876302 0.114583
2 0.576823 0.723958 0.602865 0.723958 0.602865 0.697917 0.576823 0.697917
2 0.937500 0.210938 0.963542 0.210938 0.963542 0.184896 0.937500 0.184896
2 0.110677 0.778646 0.136719 0.778646 0.136719 0.752604 0.110677 0.752604
2 0.493490 0.471354 0.519531 0.471354 0.519531 0.445312 0.493490 0.445312
2 0.498698 0.498698 0.524740 0.498698 0.524740 0.472656 0.498698 0.472656
2 0.023438 0.238281 0.049479 0.238281 0.049479 0.212240 0.023438 0.212240
2 0.523438 0.496094 0.549479 0.496094 0.549479 0.470052 0.523438 0.470052
