0 0.019531 0.565104 1.000000 0.514323 1.000000 0.403646 0.022135 0.454427
1 0.053385 0.467448 0.105469 0.467448 0.105469 0.415365 0.053385 0.415365
1 0.299479 0.691406 0.351562 0.691406 0.351562 0.639323 0.299479 0.639323
1 0.932292 0.789062 0.984375 0.789062 0.984375 0.736979 0.932292 0.736979
1 0.645833 0.802083 0.697917 0.802083 0.697917 0.750000 0.645833 0.750000
1 0.463542 0.812500 0.515625 0.812500 0.515625 0.760417 0.463542 0.760417
1 0.417969 0.971354 0.470052 0.971354 0.470052 0.919271 0.417969 0.919271
2 0.514323 0.783854 0.540365 0.783854 0.540365 0.757812 0.514323 0.757812
2 0.643229 0.751302 0.669271 0.751302 0.669271 0.725260 0.643229 0.725260
2 0.179688 0.880208 0.205729 0.880208 0.205729 0.854167 0.179688 0.854167
2 0.539062 0.756510 0.565104 0.756510 0.565104 0.730469 0.539062 0.730469
2 0.902344 0.712240 0.928385 0.712240 0.928385 0.686198 0.902344 0.686198
2 0.066406 0.154948 0.092448 0.154948 0.092448 0.128906 0.066406 0.128906
