0 0.001302 0.920573 0.006510 1.000000 0.117188 1.000000 0.063802 0.010417
1 0.716146 0.644531 0.768229 0.644531 0.768229 0.592448 0.716146 0.592448
1 0.684896 0.569010 0.736979 0.569010 0.736979 0.516927 0.684896 0.516927
1 0.477865 0.084635 0.529948 0.084635 0.529948 0.032552 0.477865 0.032552
1 0.446615 0.972656 0.498698 0.972656 0.498698 0.920573 0.446615 0.920573
1 0.316406 1.000000 0.368490 1.000000 0.368490 0.950521 0.316406 0.950521
1 0.186198 0.986979 0.238281 0.986979 0.238281 0.934896 0.186198 0.934896
1 0.100260 0.337240 0.152344 0.337240 0.152344 0.285156 0.100260 0.285156
2 0.309896 0.380208 0.335938 0.380208 0.335938 0.354167 0.309896 0.354167
2 0.869792 0.089844 0.895833 0.089844 0.895833 0.063802 0.869792 0.063802
2 0.971354 0.527344 0.997396 0.527344 0.997396 0.501302 0.971354 0.501302
2 0.388021 0.347656 0.414062 0.347656 0.414062 0.321615 0.388021 0.321615
2 0.916667 0.502604 0.942708 0.502604 0.942708 0.476562 0.916667 0.476562
2 0.496094 0.421875 0.522135 0.421875 0.522135 0.395833 0.496094 0.395833
