0 0.000000 0.294271 0.993490 0.404948 0.992188 0.294271 0.000000 0.183594
1 0.755208 0.111979 0.807292 0.111979 0.807292 0.059896 0.755208 0.059896
1 0.384115 0.149740 0.436198 0.149740 0.436198 0.097656 0.384115 0.097656
1 0.226562 0.156250 0.278646 0.156250 0.278646 0.104167 0.226562 0.104167
1 0.194010 0.205729 0.246094 0.205729 0.246094 0.153646 0.194010 0.153646
1 0.212240 0.287760 0.264323 0.287760 0.264323 0.235677 0.212240 0.235677
1 0.904948 0.886719 0.957031 0.886719 0.957031 0.834635 0.904948 0.834635
1 0.433594 0.889323 0.485677 0.889323 0.485677 0.837240 0.433594 0.837240
1 0.246094 0.919271 0.298177 0.919271 0.298177 0.867188 0.246094 0.867188
2 0.819010 0.692708 0.845052 0.692708 0.845052 0.666667 0.819010 0.666667
