0 0.130208 0.970052 0.240885 0.963542 0.272135 0.000000 0.161458 0.000000
1 0.694010 0.167969 0.746094 0.167969 0.746094 0.115885 0.694010 0.115885
1 0.464844 0.838542 0.516927 0.838542 0.516927 0.786458 0.464844 0.786458
1 0.419271 0.627604 0.471354 0.627604 0.471354 0.575521 0.419271 0.575521
1 0.317708 0.572917 0.369792 0.572917 0.369792 0.520833 0.317708 0.520833
1 0.229167 0.075521 0.281250 0.075521 0.281250 0.023438 0.229167 0.023438
1 0.014323 0.223958 0.066406 0.223958 0.066406 0.171875 0.014323 0.171875
2 0.890625 0.484375 0.916667 0.484375 0.916667 0.458333 0.890625 0.458333
2 0.361979 0.756510 0.388021 0.756510 0.388021 0.730469 0.361979 0.730469
2 0.712240 0.402344 0.738281 0.402344 0.738281 0.376302 0.712240 0.376302
