0 0.000000 0.321615 0.989583 0.338542 0.977865 0.227865 0.000000 0.210938
1 0.480469 0.134115 0.532552 0.134115 0.532552 0.082031 0.480469 0.082031
1 0.373698 0.212240 0.425781 0.212240 0.425781 0.160156 0.373698 0.160156
1 0.628906 0.502604 0.680990 0.502604 0.680990 0.450521 0.628906 0.450521
1 0.029948 0.518229 0.082031 0.518229 0.082031 0.466146 0.029948 0.466146
1 0.132812 0.597656 0.184896 0.597656 0.184896 0.545573 0.132812 0.545573
1 0.779948 0.894531 0.832031 0.894531 0.832031 0.842448 0.779948 0.842448
2 0.029948 0.544271 0.055990 0.544271 0.055990 0.518229 0.029948 0.518229
2 0.554688 0.212240 0.580729 0.212240 0.580729 0.186198 0.554688 0.186198
2 0.843750 0.113281 0.869792 0.113281 0.869792 0.087240 0.843750 0.087240
2 0.648438 0.998698 0.674479 0.998698 0.674479 0.972656 0.648438 0.972656
2 0.180990 0.832031 0.207031 0.832031 0.207031 0.805990 0.180990 0.805990
2 0.156250 0.832031 0.182292 0.832031 0.182292 0.805990 0.156250 0.805990
