0 0.007813 0.822917 0.006510 0.933594 1.000000 0.802083 1.000000 0.691406
1 0.001302 0.326823 0.028646 0.326823 0.028646 0.274740 0.001302 0.274740
1 0.773438 0.407552 0.825521 0.407552 0.825521 0.355469 0.773438 0.355469
1 0.805990 0.455729 0.858073 0.455729 0.858073 0.403646 0.805990 0.403646
1 0.764323 0.539062 0.816406 0.539062 0.816406 0.486979 0.764323 0.486979
2 0.671875 0.421875 0.697917 0.421875 0.697917 0.395833 0.671875 0.395833
2 0.726562 0.046875 0.752604 0.046875 0.752604 0.020833 0.726562 0.020833
2 0.087240 0.761719 0.113281 0.761719 0.113281 0.735677 0.087240 0.735677
2 0.006510 0.141927 0.032552 0.141927 0.032552 0.115885 0.006510 0.115885
2 0.427083 0.348958 0.453125 0.348958 0.453125 0.322917 0.427083 0.322917
