0 0.000000 0.889323 0.092448 1.000000 0.252604 0.006510 0.141927 0.007812
1 0.055990 0.829427 0.108073 0.829427 0.108073 0.777344 0.055990 0.777344
1 0.196615 0.272135 0.248698 0.272135 0.248698 0.220052 0.196615 0.220052
1 0.188802 0.825521 0.240885 0.825521 0.240885 0.773438 0.188802 0.773438
1 0.305990 0.421875 0.358073 0.421875 0.358073 0.369792 0.305990 0.369792
1 0.484375 0.949219 0.536458 0.949219 0.536458 0.897135 0.484375 0.897135
1 0.600260 0.231771 0.652344 0.231771 0.652344 0.179688 0.600260 0.179688
1 0.666667 0.636719 0.718750 0.636719 0.718750 0.584635 0.666667 0.584635
1 0.884115 0.592448 0.936198 0.592448 0.936198 0.540365 0.884115 0.540365
2 0.936198 0.257812 0.962240 0.257812 0.962240 0.231771 0.936198 0.231771
2 0.597656 0.386719 0.623698 0.386719 0.623698 0.360677 0.597656 0.360677
2 0.898438 0.171875 0.924479 0.171875 0.924479 0.145833 0.898438 0.145833
2 0.683594 0.188802 0.709635 0.188802 0.709635 0.162760 0.683594 0.162760
2 0.703125 0.720052 0.729167 0.720052 0.729167 0.694010 0.703125 0.694010
