0 0.006510 0.854167 1.000000 0.778646 1.000000 0.667969 0.007812 0.743490
1 0.774740 0.346354 0.826823 0.346354 0.826823 0.294271 0.774740 0.294271
1 0.221354 0.623698 0.273438 0.623698 0.273438 0.571615 0.221354 0.571615
1 0.127604 0.786458 0.179688 0.786458 0.179688 0.734375 0.127604 0.734375
1 0.627604 0.828125 0.679688 0.828125 0.679688 0.776042 0.627604 0.776042
1 0.733073 0.845052 0.785156 0.845052 0.785156 0.792969 0.733073 0.792969
2 0.361979 0.404948 0.388021 0.404948 0.388021 0.378906 0.361979 0.378906
2 0.345052 0.876302 0.371094 0.876302 0.371094 0.850260 0.345052 0.850260
2 0.114583 0.946615 0.140625 0.946615 0.140625 0.920573 0.114583 0.920573
2 0.104167 0.450521 0.130208 0.450521 0.130208 0.424479 0.104167 0.424479
2 0.180990 0.078125 0.207031 0.078125 0.207031 0.052083 0.180990 0.052083
