0 0.010417 0.278646 1.000000 0.217448 1.000000 0.106771 0.014323 0.167969
1 0.186198 0.048177 0.238281 0.048177 0.238281 0.000000 0.186198 0.000000
1 0.110677 0.130208 0.162760 0.130208 0.162760 0.078125 0.110677 0.078125
1 0.846354 0.214844 0.898438 0.214844 0.898438 0.162760 0.846354 0.162760
1 0.821615 0.217448 0.873698 0.217448 0.873698 0.165365 0.821615 0.165365
1 0.694010 0.277344 0.746094 0.277344 0.746094 0.225260 0.694010 0.225260
1 0.001302 0.319010 0.045573 0.319010 0.045573 0.266927 0.001302 0.266927
1 0.085938 0.575521 0.138021 0.575521 0.138021 0.523438 0.085938 0.523438
2 0.886719 0.839844 0.912760 0.839844 0.912760 0.813802 0.886719 0.813802
2 0.493490 0.394531 0.519531 0.394531 0.519531 0.368490 0.493490 0.368490
2 0.545573 0.391927 0.571615 0.391927 0.571615 0.365885 0.545573 0.365885
2 0.638021 0.619792 0.664062 0.619792 0.664062 0.593750 0.638021 0.593750
