0 0.000000 0.231771 0.997396 0.328125 0.996094 0.217448 0.000000 0.121094
1 0.602865 0.276042 0.654948 0.276042 0.654948 0.223958 0.602865 0.223958
1 0.671875 0.648438 0.723958 0.648438 0.723958 0.596354 0.671875 0.596354
1 0.789062 0.764323 0.841146 0.764323 0.841146 0.712240 0.789062 0.712240
1 0.463542 0.890625 0.515625 0.890625 0.515625 0.838542 0.463542 0.838542
2 0.600260 0.562500 0.626302 0.562500 0.626302 0.536458 0.600260 0.536458
2 0.626302 0.563802 0.652344 0.563802 0.652344 0.537760 0.626302 0.537760
2 0.177083 0.052083 0.203125 0.052083 0.203125 0.026042 0.177083 0.026042
2 0.188802 0.209635 0.214844 0.209635 0.214844 0.183594 0.188802 0.183594
2 0.860677 0.821615 0.886719 0.821615 0.886719 0.795573 0.860677 0.795573
2 0.569010 0.873698 0.595052 0.873698 0.595052 0.847656 0.569010 0.847656
