0 0.783854 1.000000 0.894531 1.000000 0.805990 0.006510 0.695312 0.005208
1 0.795573 0.890625 0.847656 0.890625 0.847656 0.838542 0.795573 0.838542
1 0.699219 1.000000 0.751302 1.000000 0.751302 0.951823 0.699219 0.951823
1 0.621094 1.000000 0.673177 1.000000 0.673177 0.959635 0.621094 0.959635
1 0.376302 0.901042 0.428385 0.901042 0.428385 0.848958 0.376302 0.848958
1 0.290365 0.803385 0.342448 0.803385 0.342448 0.751302 0.290365 0.751302
1 0.220052 0.601562 0.272135 0.601562 0.272135 0.549479 0.220052 0.549479
1 0.098958 0.716146 0.151042 0.716146 0.151042 0.664062 0.098958 0.664062
2 0.734375 0.479167 0.760417 0.479167 0.760417 0.453125 0.734375 0.453125
2 0.557292 0.260417 0.583333 0.260417 0.583333 0.234375 0.557292 0.234375
2 0.518229 0.131510 0.544271 0.131510 0.544271 0.105469 0.518229 0.105469
2 0.036458 0.878906 0.062500 0.878906 0.062500 0.852865 0.036458 0.852865
2 0.609375 0.855469 0.635417 0.855469 0.635417 0.829427 0.609375 0.829427
2 0.759115 0.190104 0.785156 0.190104 0.785156 0.164062 0.759115 0.164062
2 0.342448 0.199219 0.368490 0.199219 0.368490 0.173177 0.342448 0.173177
2 0.928385 0.618490 0.954427 0.618490 0.954427 0.592448 0.928385 0.592448
