0 0.742188 0.985677 0.851562 0.998698 0.942708 0.000000 0.832031 0.000000
1 0.886719 0.902344 0.938802 0.902344 0.938802 0.850260 0.886719 0.850260
1 0.787760 0.239583 0.839844 0.239583 0.839844 0.187500 0.787760 0.187500
1 0.518229 0.895833 0.570312 0.895833 0.570312 0.843750 0.518229 0.843750
1 0.516927 0.346354 0.569010 0.346354 0.569010 0.294271 0.516927 0.294271
1 0.373698 0.201823 0.425781 0.201823 0.425781 0.149740 0.373698 0.149740
1 0.082031 0.229167 0.134115 0.229167 0.134115 0.177083 0.082031 0.177083
1 0.046875 0.042969 0.098958 0.042969 0.098958 0.000000 0.046875 0.000000
2 0.841146 0.217448 0.867188 0.217448 0.867188 0.191406 0.841146 0.191406
2 0.669271 0.959635 0.695312 0.959635 0.695312 0.933594 0.669271 0.933594
2 0.972656 0.516927 0.998698 0.516927 0.998698 0.490885 0.972656 0.490885
2 0.286458 0.272135 0.312500 0.272135 0.312500 0.246094 0.286458 0.246094
2 0.161458 0.522135 0.187500 0.522135 0.187500 0.496094 0.161458 0.496094
2 0.199219 0.970052 0.225260 0.970052 0.225260 0.944010 0.199219 0.944010
2 0.489583 0.919271 0.515625 0.919271 0.515625 0.893229 0.489583 0.893229
