0 0.001302 0.657552 1.000000 0.742188 1.000000 0.631510 0.014323 0.548177
1 0.016927 1.000000 0.069010 1.000000 0.069010 0.959635 0.016927 0.959635
1 0.355469 0.385417 0.407552 0.385417 0.407552 0.333333 0.355469 0.333333
1 0.184896 0.240885 0.236979 0.240885 0.236979 0.188802 0.184896 0.188802
2 0.098958 0.338542 0.125000 0.338542 0.125000 0.312500 0.098958 0.312500
2 0.645833 0.016927 0.671875 0.016927 0.671875 0.001302 0.645833 0.001302
2 0.975260 0.148438 1.000000 0.148438 1.000000 0.122396 0.975260 0.122396
2 0.951823 0.121094 0.977865 0.121094 0.977865 0.095052 0.951823 0.095052
2 0.648438 0.932292 0.674479 0.932292 0.674479 0.906250 0.648438 0.906250
2 0.161458 0.526042 0.187500 0.526042 0.187500 0.500000 0.161458 0.500000
2 0.001302 0.904948 0.023438 0.904948 0.023438 0.878906 0.001302 0.878906
2 0.265625 0.507812 0.291667 0.507812 0.291667 0.481771 0.265625 0.481771
