0 0.733073 0.798177 0.843750 0.834635 0.838542 0.000000 0.727865 0.000000
1 0.552083 0.498698 0.604167 0.498698 0.604167 0.446615 0.552083 0.446615
1 0.683594 0.941406 0.735677 0.941406 0.735677 0.889323 0.683594 0.889323
1 0.813802 0.837240 0.865885 0.837240 0.865885 0.785156 0.813802 0.785156
1 0.889323 0.420573 0.941406 0.420573 0.941406 0.368490 0.889323 0.368490
1 0.968750 0.705729 0.998698 0.705729 0.998698 0.653646 0.968750 0.653646
2 0.291667 0.708333 0.317708 0.708333 0.317708 0.682292 0.291667 0.682292
2 0.447917 0.628906 0.473958 0.628906 0.473958 0.602865 0.447917 0.602865
2 0.888021 0.053385 0.914062 0.053385 0.914062 0.027344 0.888021 0.027344
2 0.631510 0.733073 0.657552 0.733073 0.657552 0.707031 0.631510 0.707031
2 0.240885 0.708333 0.266927 0.708333 0.266927 0.682292 0.240885 0.682292
2 0.473958 0.942708 0.500000 0.942708 0.500000 0.916667 0.473958 0.916667
