0 0.671875 0.973958 0.782552 0.959635 0.795573 0.000000 0.684896 0.000000
1 0.817708 0.217448 0.869792 0.217448 0.869792 0.165365 0.817708 0.165365
1 0.690104 0.061198 0.742188 0.061198 0.742188 0.009115 0.690104 0.009115
1 0.470052 0.889323 0.522135 0.889323 0.522135 0.837240 0.470052 0.837240
1 0.273438 0.053385 0.325521 0.053385 0.325521 0.001302 0.273438 0.001302
1 0.055990 0.753906 0.108073 0.753906 0.108073 0.701823 0.055990 0.701823
1 0.007812 0.416667 0.059896 0.416667 0.059896 0.364583 0.007812 0.364583
2 0.555990 0.188802 0.582031 0.188802 0.582031 0.162760 0.555990 0.162760
2 0.240885 0.470052 0.266927 0.470052 0.266927 0.444010 0.240885 0.444010
2 0.792969 0.033854 0.819010 0.033854 0.819010 0.007812 0.792969 0.007812
