0 0.161458 1.000000 0.270833 1.000000 0.433594 0.002604 0.322917 0.003906
1 0.063802 0.276042 0.115885 0.276042 0.115885 0.223958 0.063802 0.223958
1 0.121094 0.100260 0.173177 0.100260 0.173177 0.048177 0.121094 0.048177
1 0.109375 0.493490 0.161458 0.493490 0.161458 0.441406 0.109375 0.441406
1 0.317708 0.184896 0.369792 0.184896 0.369792 0.132812 0.317708 0.132812
1 0.493490 0.082031 0.545573 0.082031 0.545573 0.029948 0.493490 0.029948
1 0.634115 0.684896 0.686198 0.684896 0.686198 0.632812 0.634115 0.632812
1 0.653646 0.557292 0.705729 0.557292 0.705729 0.505208 0.653646 0.505208
1 0.791667 0.684896 0.843750 0.684896 0.843750 0.632813 0.791667 0.632813
2 0.247396 0.434896 0.273438 0.434896 0.273438 0.408854 0.247396 0.408854
2 0.135417 0.312500 0.161458 0.312500 0.161458 0.286458 0.135417 0.286458
2 0.180990 0.846354 0.207031 0.846354 0.207031 0.820312 0.180990 0.820312
