0 0.522135 1.000000 0.632812 1.000000 0.699219 0.013021 0.588542 0.015625
1 0.178385 0.662760 0.230469 0.662760 0.230469 0.610677 0.178385 0.610677
1 0.187500 0.899740 0.239583 0.899740 0.239583 0.847656 0.187500 0.847656
1 0.364583 0.571615 0.416667 0.571615 0.416667 0.519531 0.364583 0.519531
1 0.466146 0.240885 0.518229 0.240885 0.518229 0.188802 0.466146 0.188802
1 0.579427 0.114583 0.631510 0.114583 0.631510 0.062500 0.579427 0.062500
1 0.764323 0.076823 0.816406 0.076823 0.816406 0.024740 0.764323 0.024740
2 0.557292 0.819010 0.583333 0.819010 0.583333 0.792969 0.557292 0.792969
2 0.748698 0.674479 0.774740 0.674479 0.774740 0.648438 0.748698 0.648438
2 0.648438 0.250000 0.674479 0.250000 0.674479 0.223958 0.648438 0.223958
