0 0.000000 0.144531 0.994792 0.002604 0.223958 0.001302 0.000000 0.033854
1 0.565104 0.986979 0.617188 0.986979 0.617188 0.934896 0.565104 0.934896
1 0.884115 0.837240 0.936198 0.837240 0.936198 0.785156 0.884115 0.785156
1 0.799479 0.796875 0.851562 0.796875 0.851562 0.744792 0.799479 0.744792
1 0.516927 0.652344 0.569010 0.652344 0.569010 0.600260 0.516927 0.600260
1 0.671875 0.630208 0.723958 0.630208 0.723958 0.578125 0.671875 0.578125
1 0.240885 0.190104 0.292969 0.190104 0.292969 0.138021 0.240885 0.138021
1 0.598958 0.114583 0.651042 0.114583 0.651042 0.062500 0.598958 0.062500
2 0.368490 0.885417 0.394531 0.885417 0.394531 0.859375 0.368490 0.859375
2 0.930990 0.963542 0.957031 0.963542 0.957031 0.937500 0.930990 0.937500
2 0.817708 0.162760 0.843750 0.162760 0.843750 0.136719 0.817708 0.136719
2 0.305990 0.447917 0.332031 0.447917 0.332031 0.421875 0.305990 0.421875
2 0.040365 0.430990 0.066406 0.430990 0.066406 0.404948 0.040365 0.404948
2 0.096354 0.817708 0.122396 0.817708 0.122396 0.791667 0.096354 0.791667
2 0.924479 0.726562 0.950521 0.726562 0.950521 0.700521 0.924479 0.700521
2 0.433594 0.428385 0.459635 0.428385 0.459635 0.402344 0.433594 0.402344
