0 0.000000 0.414062 0.992188 0.377604 0.997396 0.266927 0.000000 0.303385
1 0.617188 0.860677 0.669271 0.860677 0.669271 0.808594 0.617188 0.808594
1 0.634115 0.651042 0.686198 0.651042 0.686198 0.598958 0.634115 0.598958
1 0.622396 0.311198 0.674479 0.311198 0.674479 0.259115 0.622396 0.259115
1 0.591146 0.157552 0.643229 0.157552 0.643229 0.105469 0.591146 0.105469
2 0.847656 0.802083 0.873698 0.802083 0.873698 0.776042 0.847656 0.776042
2 0.355469 0.845052 0.381510 0.845052 0.381510 0.819010 0.355469 0.819010
2 0.352865 0.035156 0.378906 0.035156 0.378906 0.009115 0.352865 0.009115
2 0.932292 0.222656 0.958333 0.222656 0.958333 0.196615 0.932292 0.196615
2 0.516927 0.970052 0.542969 0.970052 0.542969 0.944010 0.516927 0.944010
2 0.904948 0.929688 0.930990 0.929688 0.930990 0.903646 0.904948 0.903646
2 0.699219 0.259115 0.725260 0.259115 0.725260 0.233073 0.699219 0.233073
