0 0.826823 1.000000 0.937500 1.000000 0.882812 0.023438 0.772135 0.019531
1 0.803385 0.352865 0.855469 0.352865 0.855469 0.300781 0.803385 0.300781
1 0.705729 0.462240 0.757812 0.462240 0.757812 0.410156 0.705729 0.410156
1 0.705729 0.434896 0.757812 0.434896 0.757812 0.382812 0.705729 0.382812
1 0.541667 0.783854 0.593750 0.783854 0.593750 0.731771 0.541667 0.731771
1 0.016927 0.289063 0.069010 0.289063 0.069010 0.236979 0.016927 0.236979
2 0.158854 0.441406 0.184896 0.441406 0.184896 0.415365 0.158854 0.415365
2 0.125000 0.312500 0.151042 0.312500 0.151042 0.286458 0.125000 0.286458
2 0.858073 0.820312 0.884115 0.820312 0.884115 0.794271 0.858073 0.794271
2 0.457031 0.683594 0.483073 0.683594 0.483073 0.657552 0.457031 0.657552
