0 0.007812 0.644531 0.006510 0.755208 1.000000 0.604167 1.000000 0.494792
1 0.220052 0.062500 0.272135 0.062500 0.272135 0.010417 0.220052 0.010417
1 0.735677 0.169271 0.787760 0.169271 0.787760 0.117188 0.735677 0.117188
1 0.691406 0.388021 0.743490 0.388021 0.743490 0.335938 0.691406 0.335938
1 0.010417 0.937500 0.062500 0.937500 0.062500 0.885417 0.010417 0.885417
1 0.480469 0.919271 0.532552 0.919271 0.532552 0.867188 0.480469 0.867188
1 0.197917 0.963542 0.250000 0.963542 0.250000 0.911458 0.197917 0.911458
1 0.572917 0.998698 0.625000 0.998698 0.625000 0.959635 0.572917 0.959635
2 0.826823 0.578125 0.852865 0.578125 0.852865 0.552083 0.826823 0.552083
2 0.114583 0.398438 0.140625 0.398438 0.140625 0.372396 0.114583 0.372396
2 0.596354 0.455729 0.622396 0.455729 0.622396 0.429688 0.596354 0.429688
2 0.342448 0.861979 0.368490 0.861979 0.368490 0.835938 0.342448 0.835938
2 0.261719 0.666667 0.287760 0.666667 0.287760 0.640625 0.261719 0.640625
2 0.239583 0.351562 0.265625 0.351562 0.265625 0.325521 0.239583 0.325521
2 0.851562 0.393229 0.877604 0.393229 0.877604 0.367188 0.851562 0.367188
2 0.291667 0.529948 0.317708 0.529948 0.317708 0.503906 0.291667 0.503906
