0 0.239583 1.000000 0.350260 1.000000 0.177083 0.002604 0.066406 0.001302
1 0.925781 0.687500 0.977865 0.687500 0.977865 0.635417 0.925781 0.635417
1 0.721354 0.430990 0.773438 0.430990 0.773438 0.378906 0.721354 0.378906
1 0.713542 0.378906 0.765625 0.378906 0.765625 0.326823 0.713542 0.326823
1 0.523438 0.201823 0.575521 0.201823 0.575521 0.149740 0.523438 0.149740
1 0.351562 0.731771 0.403646 0.731771 0.403646 0.679688 0.351562 0.679688
1 0.246094 0.276042 0.298177 0.276042 0.298177 0.223958 0.246094 0.223958
1 0.135417 0.242188 0.187500 0.242188 0.187500 0.190104 0.135417 0.190104
1 0.108073 0.246094 0.160156 0.246094 0.160156 0.194010 0.108073 0.194010
2 0.888021 0.615885 0.914062 0.615885 0.914062 0.589844 0.888021 0.589844
2 0.002604 0.080729 0.028646 0.080729 0.028646 0.054688 0.002604 0.054688
2 0.968750 0.154948 0.994792 0.154948 0.994792 0.128906 0.968750 0.128906
2 0.329427 0.739583 0.355469 0.739583 0.355469 0.713542 0.329427 0.713542
2 0.610677 0.083333 0.636719 0.083333 0.636719 0.057292 0.610677 0.057292
