0 0.139323 1.000000 0.250000 1.000000 0.420573 0.002604 0.309896 0.003906
1 0.093750 0.118490 0.145833 0.118490 0.145833 0.066406 0.093750 0.066406
1 0.246094 0.303385 0.298177 0.303385 0.298177 0.251302 0.246094 0.251302
1 0.337240 0.238281 0.389323 0.238281 0.389323 0.186198 0.337240 0.186198
1 0.378906 0.457031 0.430990 0.457031 0.430990 0.404948 0.378906 0.404948
1 0.455729 0.630208 0.507812 0.630208 0.507812 0.578125 0.455729 0.578125
1 0.891927 0.861979 0.944010 0.861979 0.944010 0.809896 0.891927 0.809896
2 0.174479 0.869792 0.200521 0.869792 0.200521 0.843750 0.174479 0.843750
2 0.378906 0.138021 0.404948 0.138021 0.404948 0.111979 0.378906 0.111979
2 0.191406 0.768229 0.217448 0.768229 0.217448 0.742188 0.191406 0.742188
2 0.950521 0.657552 0.976562 0.657552 0.976562 0.631510 0.950521 0.631510
2 0.475260 0.339844 0.501302 0.339844 0.501302 0.313802 0.475260 0.313802
2 0.003906 0.786458 0.029948 0.786458 0.029948 0.760417 0.003906 0.760417
2 0.035156 0.292969 0.061198 0.292969 0.061198 0.266927 0.035156 0.266927
