0 0.891927 1.000000 0.998698 1.000000 0.998698 1.000000 0.911458 0.019531
1 0.158854 0.651042 0.210938 0.651042 0.210938 0.598958 0.158854 0.598958
1 0.236979 0.652344 0.289062 0.652344 0.289062 0.600260 0.236979 0.600260
1 0.417969 0.759115 0.470052 0.759115 0.470052 0.707031 0.417969 0.707031
1 0.752604 0.949219 0.804688 0.949219 0.804688 0.897135 0.752604 0.897135
1 0.932292 1.000000 0.984375 1.000000 0.984375 0.953125 0.932292 0.953125
2 0.085938 0.285156 0.111979 0.285156 0.111979 0.259115 0.085938 0.259115
2 0.205729 0.911458 0.231771 0.911458 0.231771 0.885417 0.205729 0.885417
2 0.104167 0.726562 0.130208 0.726562 0.130208 0.700521 0.104167 0.700521
2 0.503906 0.291667 0.529948 0.291667 0.529948 0.265625 0.503906 0.265625
2 0.509115 0.057292 0.535156 0.057292 0.535156 0.031250 0.509115 0.031250
2 0.684896 0.346354 0.710938 0.346354 0.710938 0.320312 0.684896 0.320312
2 0.309896 0.863281 0.335938 0.863281 0.335938 0.837240 0.309896 0.837240
