0 0.003906 0.981771 0.114583 0.970052 0.131510 -0.000000 0.020833 -0.000000
1 0.736979 0.451823 0.789062 0.451823 0.789062 0.399740 0.736979 0.399740
1 0.735677 0.502604 0.787760 0.502604 0.787760 0.450521 0.735677 0.450521
1 0.559896 0.058594 0.611979 0.058594 0.611979 0.006510 0.559896 0.006510
1 0.454427 0.186198 0.506510 0.186198 0.506510 0.134115 0.454427 0.134115
1 0.292969 0.496094 0.345052 0.496094 0.345052 0.444010 0.292969 0.444010
1 0.141927 0.180990 0.194010 0.180990 0.194010 0.128906 0.141927 0.128906
2 0.028646 0.674479 0.054688 0.674479 0.054688 0.648437 0.028646 0.648437
2 0.363281 0.889323 0.389323 0.889323 0.389323 0.863281 0.363281 0.863281
2 0.212240 0.649740 0.238281 0.649740 0.238281 0.623698 0.212240 0.623698
