0 0.213542 1.000000 0.324219 1.000000 0.236979 0.007812 0.126302 0.006510
1 0.859375 0.727865 0.911458 0.727865 0.911458 0.675781 0.859375 0.675781
1 0.786458 0.500000 0.838542 0.500000 0.838542 0.447917 0.786458 0.447917
1 0.726562 0.425781 0.778646 0.425781 0.778646 0.373698 0.726562 0.373698
1 0.592448 0.673177 0.644531 0.673177 0.644531 0.621094 0.592448 0.621094
2 0.653646 0.460938 0.679688 0.460938 0.679688 0.434896 0.653646 0.434896
2 0.785156 0.475260 0.811198 0.475260 0.811198 0.449219 0.785156 0.449219
2 0.554688 0.835938 0.580729 0.835938 0.580729 0.809896 0.554688 0.809896
2 0.007813 0.856771 0.033854 0.856771 0.033854 0.830729 0.007813 0.830729
2 0.626302 0.149740 0.652344 0.149740 0.652344 0.123698 0.626302 0.123698
