0 0.652344 0.983073 0.763021 0.977865 0.795573 0.000000 0.684896 0.000000
1 0.941406 0.645833 0.993490 0.645833 0.993490 0.593750 0.941406 0.593750
1 0.808594 0.613281 0.860677 0.613281 0.860677 0.561198 0.808594 0.561198
1 0.661458 0.402344 0.713542 0.402344 0.713542 0.350260 0.661458 0.350260
1 0.372396 0.522135 0.424479 0.522135 0.424479 0.470052 0.372396 0.470052
1 0.220052 0.360677 0.272135 0.360677 0.272135 0.308594 0.220052 0.308594
2 0.066406 0.223958 0.092448 0.223958 0.092448 0.197917 0.066406 0.197917
2 0.970052 0.515625 0.996094 0.515625 0.996094 0.489583 0.970052 0.489583
2 0.708333 0.585938 0.734375 0.585938 0.734375 0.559896 0.708333 0.559896
2 0.279948 0.882812 0.305990 0.882812 0.305990 0.856771 0.279948 0.856771
2 0.055990 0.589844 0.082031 0.589844 0.082031 0.563802 0.055990 0.563802
2 0.338542 0.704427 0.364583 0.704427 0.364583 0.678385 0.338542 0.678385
2 0.670573 0.140625 0.696615 0.140625 0.696615 0.114583 0.670573 0.114583
