0 0.001302 0.458333 0.009115 0.567708 1.000000 0.427083 1.000000 0.316406
1 0.029948 0.166667 0.082031 0.166667 0.082031 0.114583 0.029948 0.114583
1 0.540365 0.253906 0.592448 0.253906 0.592448 0.201823 0.540365 0.201823
1 0.496094 0.496094 0.548177 0.496094 0.548177 0.444010 0.496094 0.444010
1 0.444010 0.871094 0.496094 0.871094 0.496094 0.819010 0.444010 0.819010
2 0.326823 0.207031 0.352865 0.207031 0.352865 0.180990 0.326823 0.180990
2 0.489583 0.052083 0.515625 0.052083 0.515625 0.026042 0.489583 0.026042
2 0.481771 0.184896 0.507812 0.184896 0.507812 0.158854 0.481771 0.158854
2 0.166667 0.940104 0.192708 0.940104 0.192708 0.914062 0.166667 0.914062
2 0.845052 0.157552 0.871094 0.157552 0.871094 0.131510 0.845052 0.131510
