0 0.022135 0.772135 1.000000 0.789062 1.000000 0.678385 0.010417 0.661458
1 0.467448 0.917969 0.519531 0.917969 0.519531 0.865885 0.467448 0.865885
1 0.574219 0.839844 0.626302 0.839844 0.626302 0.787760 0.574219 0.787760
1 0.319010 0.549479 0.371094 0.549479 0.371094 0.497396 0.319010 0.497396
1 0.917969 0.533854 0.970052 0.533854 0.970052 0.481771 0.917969 0.481771
1 0.815104 0.454427 0.867188 0.454427 0.867188 0.402344 0.815104 0.402344
1 0.167969 0.157552 0.220052 0.157552 0.220052 0.105469 0.167969 0.105469
2 0.944010 0.481771 0.970052 0.481771 0.970052 0.455729 0.944010 0.455729
2 0.419271 0.813802 0.445312 0.813802 0.445312 0.787760 0.419271 0.787760
2 0.130208 0.912760 0.156250 0.912760 0.156250 0.886719 0.130208 0.886719
2 0.325521 0.027344 0.351563 0.027344 0.351563 0.001302 0.325521 0.001302
2 0.792969 0.194010 0.819010 0.194010 0.819010 0.167969 0.792969 0.167969
2 0.817708 0.194010 0.843750 0.194010 0.843750 0.167969 0.817708 0.167969
