0 0.908854 1.000000 0.998698 1.000000 0.998698 1.000000 0.944010 0.001302
1 0.016927 0.199219 0.069010 0.199219 0.069010 0.147135 0.016927 0.147135
1 0.174479 0.151042 0.226562 0.151042 0.226562 0.098958 0.174479 0.098958
1 0.251302 0.207031 0.303385 0.207031 0.303385 0.154948 0.251302 0.154948
1 0.552083 0.528646 0.604167 0.528646 0.604167 0.476562 0.552083 0.476562
2 0.225260 0.178385 0.251302 0.178385 0.251302 0.152344 0.225260 0.152344
2 0.281250 0.753906 0.307292 0.753906 0.307292 0.727865 0.281250 0.727865
2 0.481771 0.291667 0.507813 0.291667 0.507813 0.265625 0.481771 0.265625
2 0.936198 0.699219 0.962240 0.699219 0.962240 0.673177 0.936198 0.673177
2 0.272135 0.311198 0.298177 0.311198 0.298177 0.285156 0.272135 0.285156
2 0.450521 0.394531 0.476562 0.394531 0.476562 0.368490 0.450521 0.368490
2 0.838542 0.486979 0.864583 0.486979 0.864583 0.460938 0.838542 0.460938
