0 0.707031 1.000000 0.817708 1.000000 0.973958 0.005208 0.863281 0.006510
1 0.061198 0.963542 0.113281 0.963542 0.113281 0.911458 0.061198 0.911458
1 0.278646 0.416667 0.330729 0.416667 0.330729 0.364583 0.278646 0.364583
1 0.266927 0.838542 0.319010 0.838542 0.319010 0.786458 0.266927 0.786458
1 0.343750 0.505208 0.395833 0.505208 0.395833 0.453125 0.343750 0.453125
1 0.691406 0.824219 0.743490 0.824219 0.743490 0.772135 0.691406 0.772135
1 0.828125 0.106771 0.880208 0.106771 0.880208 0.054688 0.828125 0.054688
1 0.819010 0.845052 0.871094 0.845052 0.871094 0.792969 0.819010 0.792969
2 0.651042 0.553385 0.677083 0.553385 0.677083 0.527344 0.651042 0.527344
2 0.114583 0.785156 0.140625 0.785156 0.140625 0.759115 0.114583 0.759115
2 0.690104 0.980469 0.716146 0.980469 0.716146 0.954427 0.690104 0.954427
2 0.808594 0.550781 0.834635 0.550781 0.834635 0.524740 0.808594 0.524740
2 0.786458 0.705729 0.812500 0.705729 0.812500 0.679688 0.786458 0.679688
2 0.260417 0.518229 0.286458 0.518229 0.286458 0.492188 0.260417 0.492188
2 0.287760 0.522135 0.313802 0.522135 0.313802 0.496094 0.287760 0.496094
2 0.877604 0.798177 0.903646 0.798177 0.903646 0.772135 0.877604 0.772135
