0 0.371094 1.000000 0.481771 1.000000 0.652344 0.003906 0.541667 0.003906
1 0.040365 0.266927 0.092448 0.266927 0.092448 0.214844 0.040365 0.214844
1 0.101562 0.542969 0.153646 0.542969 0.153646 0.490885 0.101562 0.490885
1 0.315104 0.050781 0.367188 0.050781 0.367188 0.001302 0.315104 0.001302
1 0.201823 0.877604 0.253906 0.877604 0.253906 0.825521 0.201823 0.825521
1 0.345052 0.029948 0.397135 0.029948 0.397135 0.001302 0.345052 0.001302
1 0.671875 0.138021 0.723958 0.138021 0.723958 0.085938 0.671875 0.085938
1 0.648438 0.424479 0.700521 0.424479 0.700521 0.372396 0.648438 0.372396
2 0.401042 0.936198 0.427083 0.936198 0.427083 0.910156 0.401042 0.910156
2 0.321615 0.471354 0.347656 0.471354 0.347656 0.445312 0.321615 0.445312
2 0.832031 0.110677 0.858073 0.110677 0.858073 0.084635 0.832031 0.084635
2 0.875000 0.170573 0.901042 0.170573 0.901042 0.144531 0.875000 0.144531
2 0.533854 0.929688 0.559896 0.929688 0.559896 0.903646 0.533854 0.903646
2 0.457031 0.919271 0.483073 0.919271 0.483073 0.893229 0.457031 0.893229
