0 0.757812 1.000000 0.868490 1.000000 0.710938 0.007812 0.600260 0.006510
1 0.665365 0.391927 0.717448 0.391927 0.717448 0.339844 0.665365 0.339844
1 0.700521 0.966146 0.752604 0.966146 0.752604 0.914062 0.700521 0.914062
1 0.563802 0.091146 0.615885 0.091146 0.615885 0.039062 0.563802 0.039062
1 0.182292 0.678385 0.234375 0.678385 0.234375 0.626302 0.182292 0.626302
1 0.040365 0.621094 0.092448 0.621094 0.092448 0.569010 0.040365 0.569010
2 0.009115 0.734375 0.035156 0.734375 0.035156 0.708333 0.009115 0.708333
2 0.920573 0.326823 0.946615 0.326823 0.946615 0.300781 0.920573 0.300781
2 0.453125 0.216146 0.479167 0.216146 0.479167 0.190104 0.453125 0.190104
2 0.041667 0.940104 0.067708 0.940104 0.067708 0.914062 0.041667 0.914062
