0 0.524740 0.996094 0.634115 0.949219 0.610677 0.000000 0.500000 0.000000
1 0.058594 0.562500 0.110677 0.562500 0.110677 0.510417 0.058594 0.510417
1 0.074219 0.248698 0.126302 0.248698 0.126302 0.196615 0.074219 0.196615
1 0.420573 0.449219 0.472656 0.449219 0.472656 0.397135 0.420573 0.397135
1 0.621094 0.183594 0.673177 0.183594 0.673177 0.131510 0.621094 0.131510
1 0.625000 0.286458 0.677083 0.286458 0.677083 0.234375 0.625000 0.234375
1 0.812500 0.569010 0.864583 0.569010 0.864583 0.516927 0.812500 0.516927
2 0.473958 0.550781 0.500000 0.550781 0.500000 0.524740 0.473958 0.524740
2 0.516927 0.134115 0.542969 0.134115 0.542969 0.108073 0.516927 0.108073
2 0.127604 0.246094 0.153646 0.246094 0.153646 0.220052 0.127604 0.220052
