0 0.000000 0.906250 0.005208 0.997396 0.114583 0.977865 0.058594 0.000000
1 0.000000 0.319010 0.045573 0.319010 0.045573 0.266927 0.000000 0.266927
1 0.110677 0.597656 0.162760 0.597656 0.162760 0.545573 0.110677 0.545573
1 0.230469 0.408854 0.282552 0.408854 0.282552 0.356771 0.230469 0.356771
1 0.359375 0.348958 0.411458 0.348958 0.411458 0.296875 0.359375 0.296875
1 0.438802 0.397135 0.490885 0.397135 0.490885 0.345052 0.438802 0.345052
1 0.557292 0.180990 0.609375 0.180990 0.609375 0.128906 0.557292 0.128906
1 0.722656 0.328125 0.774740 0.328125 0.774740 0.276042 0.722656 0.276042
2 0.205729 0.411458 0.231771 0.411458 0.231771 0.385417 0.205729 0.385417
2 0.300781 0.222656 0.326823 0.222656 0.326823 0.196615 0.300781 0.196615
2 0.623698 0.412760 0.649740 0.412760 0.649740 0.386719 0.623698 0.386719
2 0.932292 0.317708 0.958333 0.317708 0.958333 0.291667 0.932292 0.291667
2 0.194010 0.177083 0.220052 0.177083 0.220052 0.151042 0.194010 0.151042
2 0.002604 0.029948 0.028646 0.029948 0.028646 0.003906 0.002604 0.003906
2 0.100260 0.833333 0.126302 0.833333 0.126302 0.807292 0.100260 0.807292
