0 0.907552 1.000000 1.000000 0.889323 0.858073 0.007812 0.747396 0.006510
1 0.891927 0.829427 0.944010 0.829427 0.944010 0.777344 0.891927 0.777344
1 0.751302 0.272135 0.803385 0.272135 0.803385 0.220052 0.751302 0.220052
1 0.759115 0.825521 0.811198 0.825521 0.811198 0.773438 0.759115 0.773438
1 0.641927 0.421875 0.694010 0.421875 0.694010 0.369792 0.641927 0.369792
1 0.463542 0.949219 0.515625 0.949219 0.515625 0.897135 0.463542 0.897135
1 0.347656 0.231771 0.399740 0.231771 0.399740 0.179688 0.347656 0.179688
1 0.281250 0.636719 0.333333 0.636719 0.333333 0.584635 0.281250 0.584635
1 0.063802 0.592448 0.115885 0.592448 0.115885 0.540365 0.063802 0.540365
2 0.037760 0.257812 0.063802 0.257812 0.063802 0.231771 0.037760 0.231771
2 0.376302 0.386719 0.402344 0.386719 0.402344 0.360677 0.376302 0.360677
2 0.075521 0.171875 0.101562 0.171875 0.101562 0.145833 0.075521 0.145833
2 0.290365 0.188802 0.316406 0.188802 0.316406 0.162760 0.290365 0.162760
2 0.270833 0.720052 0.296875 0.720052 0.296875 0.694010 0.270833 0.694010
