0 1.000000 0.683594 1.000000 0.572917 0.009115 0.432292 0.001302 0.541667
1 0.029948 0.885417 0.082031 0.885417 0.082031 0.833333 0.029948 0.833333
1 0.540365 0.798177 0.592448 0.798177 0.592448 0.746094 0.540365 0.746094
1 0.496094 0.555990 0.548177 0.555990 0.548177 0.503906 0.496094 0.503906
1 0.444010 0.180990 0.496094 0.180990 0.496094 0.128906 0.444010 0.128906
2 0.326823 0.819010 0.352865 0.819010 0.352865 0.792969 0.326823 0.792969
2 0.489583 0.973958 0.515625 0.973958 0.515625 0.947917 0.489583 0.947917
2 0.481771 0.841146 0.507812 0.841146 0.507812 0.815104 0.481771 0.815104
2 0.166667 0.085937 0.192708 0.085937 0.192708 0.059896 0.166667 0.059896
2 0.845052 0.868490 0.871094 0.868490 0.871094 0.842448 0.845052 0.842448
