0 0.000000 0.153646 0.960938 0.184896 0.996094 0.075521 0.000000 0.042969
1 0.118490 0.203125 0.170573 0.203125 0.170573 0.151042 0.118490 0.151042
1 0.584635 0.346354 0.636719 0.346354 0.636719 0.294271 0.584635 0.294271
1 0.608073 0.401042 0.660156 0.401042 0.660156 0.348958 0.608073 0.348958
1 0.287760 0.622396 0.339844 0.622396 0.339844 0.570312 0.287760 0.570312
1 0.911458 0.695312 0.963542 0.695312 0.963542 0.643229 0.911458 0.643229
1 0.567708 0.867188 0.619792 0.867188 0.619792 0.815104 0.567708 0.815104
1 0.330729 0.912760 0.382812 0.912760 0.382812 0.860677 0.330729 0.860677
1 0.618490 0.919271 0.670573 0.919271 0.670573 0.867188 0.618490 0.867188
2 0.186198 0.516927 0.212240 0.516927 0.212240 0.490885 0.186198 0.490885
2 0.391927 0.626302 0.417969 0.626302 0.417969 0.600260 0.391927 0.600260
2 0.553385 0.424479 0.579427 0.424479 0.579427 0.398438 0.553385 0.398438
2 0.845052 0.277344 0.871094 0.277344 0.871094 0.251302 0.845052 0.251302
2 0.588542 0.972656 0.614583 0.972656 0.614583 0.946615 0.588542 0.946615
