0 0.729167 1.000000 0.838542 1.000000 0.677083 0.003906 0.566406 0.002604
1 0.884115 0.276042 0.936198 0.276042 0.936198 0.223958 0.884115 0.223958
1 0.826823 0.100260 0.878906 0.100260 0.878906 0.048177 0.826823 0.048177
1 0.838542 0.493490 0.890625 0.493490 0.890625 0.441406 0.838542 0.441406
1 0.630208 0.184896 0.682292 0.184896 0.682292 0.132812 0.630208 0.132812
1 0.454427 0.082031 0.506510 0.082031 0.506510 0.029948 0.454427 0.029948
1 0.313802 0.684896 0.365885 0.684896 0.365885 0.632812 0.313802 0.632812
1 0.294271 0.557292 0.346354 0.557292 0.346354 0.505208 0.294271 0.505208
1 0.156250 0.684896 0.208333 0.684896 0.208333 0.632813 0.156250 0.632813
2 0.726562 0.434896 0.752604 0.434896 0.752604 0.408854 0.726562 0.408854
2 0.838542 0.312500 0.864583 0.312500 0.864583 0.286458 0.838542 0.286458
2 0.792969 0.846354 0.819010 0.846354 0.819010 0.820312 0.792969 0.820312
