0 0.010417 0.174479 1.000000 0.283854 1.000000 0.173177 0.009115 0.063802
1 0.402344 0.701823 0.454427 0.701823 0.454427 0.649740 0.402344 0.649740
1 0.143229 0.674479 0.195312 0.674479 0.195312 0.622396 0.143229 0.622396
1 0.247396 0.449219 0.299479 0.449219 0.299479 0.397135 0.247396 0.397135
1 0.691406 0.472656 0.743490 0.472656 0.743490 0.420573 0.691406 0.420573
1 0.537760 0.191406 0.589844 0.191406 0.589844 0.139323 0.537760 0.139323
1 0.868490 0.046875 0.920573 0.046875 0.920573 0.001302 0.868490 0.001302
2 0.514323 0.871094 0.540365 0.871094 0.540365 0.845052 0.514323 0.845052
2 0.554688 0.507812 0.580729 0.507812 0.580729 0.481771 0.554688 0.481771
2 0.928385 0.207031 0.954427 0.207031 0.954427 0.180990 0.928385 0.180990
2 0.085937 0.954427 0.111979 0.954427 0.111979 0.928385 0.085937 0.928385
