0 0.289063 0.992188 0.399740 0.993490 0.242187 0.000000 0.131510 0.000000
1 0.282552 0.660156 0.334635 0.660156 0.334635 0.608073 0.282552 0.608073
1 0.247396 0.085938 0.299479 0.085938 0.299479 0.033854 0.247396 0.033854
1 0.384115 0.960938 0.436198 0.960938 0.436198 0.908854 0.384115 0.908854
1 0.765625 0.373698 0.817708 0.373698 0.817708 0.321615 0.765625 0.321615
1 0.907552 0.430990 0.959635 0.430990 0.959635 0.378906 0.907552 0.378906
2 0.964844 0.291667 0.990885 0.291667 0.990885 0.265625 0.964844 0.265625
2 0.053385 0.699219 0.079427 0.699219 0.079427 0.673177 0.053385 0.673177
2 0.520833 0.809896 0.546875 0.809896 0.546875 0.783854 0.520833 0.783854
2 0.932292 0.085938 0.958333 0.085938 0.958333 0.059896 0.932292 0.059896
