0 0.015625 0.674479 1.000000 0.602865 1.000000 0.492188 0.018229 0.563802
1 0.157552 0.104167 0.209635 0.104167 0.209635 0.052083 0.157552 0.052083
1 0.360677 0.402344 0.412760 0.402344 0.412760 0.350260 0.360677 0.350260
1 0.101562 0.421875 0.153646 0.421875 0.153646 0.369792 0.101562 0.369792
1 0.626302 0.463542 0.678385 0.463542 0.678385 0.411458 0.626302 0.411458
1 0.429688 0.632812 0.481771 0.632812 0.481771 0.580729 0.429688 0.580729
2 0.040365 0.998698 0.066406 0.998698 0.066406 0.976562 0.040365 0.976562
2 0.299479 0.251302 0.325521 0.251302 0.325521 0.225260 0.299479 0.225260
2 0.875000 0.627604 0.901042 0.627604 0.901042 0.601562 0.875000 0.601562
2 0.584635 0.231771 0.610677 0.231771 0.610677 0.205729 0.584635 0.205729
2 0.781250 0.790365 0.807292 0.790365 0.807292 0.764323 0.781250 0.764323
2 0.722656 0.325521 0.748698 0.325521 0.748698 0.299479 0.722656 0.299479
2 0.941406 0.467448 0.967448 0.467448 0.967448 0.441406 0.941406 0.441406
2 0.958333 0.699219 0.984375 0.699219 0.984375 0.673177 0.958333 0.673177
