0 1.000000 0.703125 1.000000 0.592448 0.002604 0.446615 0.003906 0.557292
1 0.106771 0.710938 0.158854 0.710938 0.158854 0.658854 0.106771 0.658854
1 0.718750 0.484375 0.770833 0.484375 0.770833 0.432292 0.718750 0.432292
1 0.601562 0.388021 0.653646 0.388021 0.653646 0.335938 0.601562 0.335938
1 0.855469 0.268229 0.907552 0.268229 0.907552 0.216146 0.855469 0.216146
1 0.863281 0.216146 0.915365 0.216146 0.915365 0.164062 0.863281 0.164062
1 0.296875 0.131510 0.348958 0.131510 0.348958 0.079427 0.296875 0.079427
1 0.618490 0.075521 0.670573 0.075521 0.670573 0.023438 0.618490 0.023438
2 0.845052 0.316406 0.871094 0.316406 0.871094 0.290365 0.845052 0.290365
2 0.864583 0.897135 0.890625 0.897135 0.890625 0.871094 0.864583 0.871094
2 0.908854 0.246094 0.934896 0.246094 0.934896 0.220052 0.908854 0.220052
