0 0.000000 0.437500 0.971354 0.421875 0.984375 0.311198 0.000000 0.328125
1 0.455729 1.000000 0.507812 1.000000 0.507812 0.968750 0.455729 0.968750
1 0.944010 0.726562 0.996094 0.726562 0.996094 0.674479 0.944010 0.674479
1 0.216146 0.687500 0.268229 0.687500 0.268229 0.635417 0.216146 0.635417
1 0.342448 0.580729 0.394531 0.580729 0.394531 0.528646 0.342448 0.528646
1 0.494792 0.343750 0.546875 0.343750 0.546875 0.291667 0.494792 0.291667
1 0.000000 0.326823 0.027344 0.326823 0.027344 0.274740 0.000000 0.274740
1 0.963542 0.231771 0.998698 0.231771 0.998698 0.179688 0.963542 0.179688
1 0.805990 0.208333 0.858073 0.208333 0.858073 0.156250 0.805990 0.156250
2 0.554688 0.786458 0.580729 0.786458 0.580729 0.760417 0.554688 0.760417
