0 0.033854 0.076823 1.000000 0.113281 1.000000 0.002604 0.975260 0.001302
1 0.045573 0.875000 0.097656 0.875000 0.097656 0.822917 0.045573 0.822917
1 0.643229 0.871094 0.695312 0.871094 0.695312 0.819010 0.643229 0.819010
1 0.726562 0.770833 0.778646 0.770833 0.778646 0.718750 0.726562 0.718750
1 0.285156 0.674479 0.337240 0.674479 0.337240 0.622396 0.285156 0.622396
1 0.928385 0.231771 0.980469 0.231771 0.980469 0.179688 0.928385 0.179688
1 0.513021 0.188802 0.565104 0.188802 0.565104 0.136719 0.513021 0.136719
2 0.615885 0.194010 0.641927 0.194010 0.641927 0.167969 0.615885 0.167969
2 0.437500 0.132812 0.463542 0.132812 0.463542 0.106771 0.437500 0.106771
2 0.372396 0.470052 0.398438 0.470052 0.398438 0.444010 0.372396 0.444010
2 0.572917 0.661458 0.598958 0.661458 0.598958 0.635417 0.572917 0.635417
2 0.643229 0.167969 0.669271 0.167969 0.669271 0.141927 0.643229 0.141927
2 0.509115 0.971354 0.535156 0.971354 0.535156 0.945312 0.509115 0.945312
2 0.804688 0.746094 0.830729 0.746094 0.830729 0.720052 0.804688 0.720052
2 0.700521 0.769531 0.726562 0.769531 0.726562 0.743490 0.700521 0.743490
