0 0.000000 0.998698 0.000000 0.998698 0.524740 0.998698 0.000000 0.914062
1 0.419271 0.041667 0.471354 0.041667 0.471354 0.000000 0.419271 0.000000
1 0.898438 0.170573 0.950521 0.170573 0.950521 0.118490 0.898438 0.118490
1 0.220052 0.300781 0.272135 0.300781 0.272135 0.248698 0.220052 0.248698
1 0.000000 0.738281 0.044271 0.738281 0.044271 0.686198 0.000000 0.686198
1 0.578125 0.858073 0.630208 0.858073 0.630208 0.805990 0.578125 0.805990
1 0.214844 0.985677 0.266927 0.985677 0.266927 0.933594 0.214844 0.933594
2 0.485677 0.104167 0.511719 0.104167 0.511719 0.078125 0.485677 0.078125
2 0.800781 0.444010 0.826823 0.444010 0.826823 0.417969 0.800781 0.417969
2 0.735677 0.354167 0.761719 0.354167 0.761719 0.328125 0.735677 0.328125
2 0.808594 0.233073 0.834635 0.233073 0.834635 0.207031 0.808594 0.207031
2 0.917969 0.199219 0.944010 0.199219 0.944010 0.173177 0.917969 0.173177
2 0.199219 0.243490 0.225260 0.243490 0.225260 0.217448 0.199219 0.217448
2 0.888021 0.220052 0.914062 0.220052 0.914062 0.194010 0.888021 0.194010
2 0.111979 0.467448 0.138021 0.467448 0.138021 0.441406 0.111979 0.441406
