0 0.617188 0.990885 0.727865 0.992188 0.618490 0.000000 0.507812 0.000000
1 0.118490 0.170573 0.170573 0.170573 0.170573 0.118490 0.118490 0.118490
1 0.207031 0.736979 0.259115 0.736979 0.259115 0.684896 0.207031 0.684896
1 0.536458 0.622396 0.588542 0.622396 0.588542 0.570312 0.536458 0.570312
1 0.554687 0.070312 0.606771 0.070312 0.606771 0.018229 0.554687 0.018229
2 0.817708 0.307292 0.843750 0.307292 0.843750 0.281250 0.817708 0.281250
2 0.971354 0.996094 0.997396 0.996094 0.997396 0.970052 0.971354 0.970052
2 0.361979 0.930990 0.388021 0.930990 0.388021 0.904948 0.361979 0.904948
2 0.118490 0.147135 0.144531 0.147135 0.144531 0.121094 0.118490 0.121094
2 0.393229 0.274740 0.419271 0.274740 0.419271 0.248698 0.393229 0.248698
2 0.917969 0.269531 0.944010 0.269531 0.944010 0.243490 0.917969 0.243490
