0 0.209635 1.000000 0.320313 1.000000 0.266927 0.019531 0.156250 0.016927
1 0.927083 0.190104 0.979167 0.190104 0.979167 0.138021 0.927083 0.138021
1 0.726562 0.356771 0.778646 0.356771 0.778646 0.304688 0.726562 0.304688
1 0.541667 0.835938 0.593750 0.835938 0.593750 0.783854 0.541667 0.783854
1 0.447917 0.998698 0.500000 0.998698 0.500000 0.946615 0.447917 0.946615
1 0.273437 0.145833 0.325521 0.145833 0.325521 0.093750 0.273437 0.093750
1 0.246094 0.641927 0.298177 0.641927 0.298177 0.589844 0.246094 0.589844
1 0.239583 0.513021 0.291667 0.513021 0.291667 0.460938 0.239583 0.460938
1 0.066406 0.704427 0.118490 0.704427 0.118490 0.652344 0.066406 0.652344
2 0.945312 0.032552 0.971354 0.032552 0.971354 0.006510 0.945312 0.006510
2 0.537760 0.264323 0.563802 0.264323 0.563802 0.238281 0.537760 0.238281
