0 0.742188 0.963542 0.852865 0.970052 0.819010 -0.000000 0.708333 -0.000000
1 0.085938 0.618490 0.138021 0.618490 0.138021 0.566406 0.085938 0.566406
1 0.203125 0.951823 0.255208 0.951823 0.255208 0.899740 0.203125 0.899740
1 0.281250 0.976562 0.333333 0.976562 0.333333 0.924479 0.281250 0.924479
1 0.403646 0.787760 0.455729 0.787760 0.455729 0.735677 0.403646 0.735677
1 0.574219 0.442708 0.626302 0.442708 0.626302 0.390625 0.574219 0.390625
1 0.615885 0.859375 0.667969 0.859375 0.667969 0.807292 0.615885 0.807292
1 0.673177 0.283854 0.725260 0.283854 0.725260 0.231771 0.673177 0.231771
2 0.230469 0.273438 0.256510 0.273438 0.256510 0.247396 0.230469 0.247396
2 0.010417 0.673177 0.036458 0.673177 0.036458 0.647135 0.010417 0.647135
2 0.960938 0.326823 0.986979 0.326823 0.986979 0.300781 0.960938 0.300781
2 0.069010 0.122396 0.095052 0.122396 0.095052 0.096354 0.069010 0.096354
