0 0.589844 0.997396 0.700521 0.997396 0.535156 0.000000 0.424479 0.000000
1 0.118490 0.769531 0.170573 0.769531 0.170573 0.717448 0.118490 0.717448
1 0.220052 0.752604 0.272135 0.752604 0.272135 0.700521 0.220052 0.700521
1 0.648438 0.152344 0.700521 0.152344 0.700521 0.100260 0.648438 0.100260
1 0.955729 0.893229 0.998698 0.893229 0.998698 0.841146 0.955729 0.841146
1 0.970052 0.178385 0.998698 0.178385 0.998698 0.126302 0.970052 0.126302
2 0.826823 0.417969 0.852865 0.417969 0.852865 0.391927 0.826823 0.391927
2 0.665365 0.707031 0.691406 0.707031 0.691406 0.680990 0.665365 0.680990
2 0.059896 0.569010 0.085938 0.569010 0.085938 0.542969 0.059896 0.542969
2 0.291667 0.216146 0.317708 0.216146 0.317708 0.190104 0.291667 0.190104
2 0.643229 0.738281 0.669271 0.738281 0.669271 0.712240 0.643229 0.712240
2 0.304688 0.765625 0.330729 0.765625 0.330729 0.739583 0.304688 0.739583
2 0.167969 0.104167 0.194010 0.104167 0.194010 0.078125 0.167969 0.078125
2 0.860677 0.937500 0.886719 0.937500 0.886719 0.911458 0.860677 0.911458
