0 0.001302 0.851562 1.000000 0.942708 1.000000 0.832031 0.014323 0.742188
1 0.097656 0.938802 0.149740 0.938802 0.149740 0.886719 0.097656 0.886719
1 0.760417 0.839844 0.812500 0.839844 0.812500 0.787760 0.760417 0.787760
1 0.104167 0.570312 0.156250 0.570312 0.156250 0.518229 0.104167 0.518229
1 0.653646 0.569010 0.705729 0.569010 0.705729 0.516927 0.653646 0.516927
1 0.798177 0.425781 0.850260 0.425781 0.850260 0.373698 0.798177 0.373698
1 0.770833 0.134115 0.822917 0.134115 0.822917 0.082031 0.770833 0.082031
1 0.957031 0.098958 1.000000 0.098958 1.000000 0.046875 0.957031 0.046875
2 0.782552 0.867188 0.808594 0.867188 0.808594 0.841146 0.782552 0.841146
2 0.040365 0.695312 0.066406 0.695312 0.066406 0.669271 0.040365 0.669271
2 0.483073 0.998698 0.509115 0.998698 0.509115 0.972656 0.483073 0.972656
2 0.727865 0.312500 0.753906 0.312500 0.753906 0.286458 0.727865 0.286458
2 0.477865 0.187500 0.503906 0.187500 0.503906 0.161458 0.477865 0.161458
2 0.029948 0.225260 0.055990 0.225260 0.055990 0.199219 0.029948 0.199219
2 0.080729 0.515625 0.106771 0.515625 0.106771 0.489583 0.080729 0.489583
