0 0.000000 0.164062 0.957031 0.001302 0.305990 0.001302 0.000000 0.053385
1 0.277344 0.930990 0.329427 0.930990 0.329427 0.878906 0.277344 0.878906
1 0.000000 0.368490 0.049479 0.368490 0.049479 0.316406 0.000000 0.316406
1 0.300781 0.132812 0.352865 0.132812 0.352865 0.080729 0.300781 0.080729
1 0.372396 0.093750 0.424479 0.093750 0.424479 0.041667 0.372396 0.041667
1 0.656250 0.046875 0.708333 0.046875 0.708333 0.001302 0.656250 0.001302
2 0.623698 0.769531 0.649740 0.769531 0.649740 0.743490 0.623698 0.743490
2 0.398438 0.540365 0.424479 0.540365 0.424479 0.514323 0.398438 0.514323
2 0.078125 0.515625 0.104167 0.515625 0.104167 0.489583 0.078125 0.489583
2 0.925781 0.691406 0.951823 0.691406 0.951823 0.665365 0.925781 0.665365
2 0.151042 0.795573 0.177083 0.795573 0.177083 0.769531 0.151042 0.769531
2 0.156250 0.977865 0.182292 0.977865 0.182292 0.951823 0.156250 0.951823
2 0.134115 0.850260 0.160156 0.850260 0.160156 0.824219 0.134115 0.824219
