0 1.000000 0.998698 1.000000 0.998698 1.000000 0.889323 0.009115 0.915365
1 0.515625 0.106771 0.567708 0.106771 0.567708 0.054688 0.515625 0.054688
1 0.415365 0.213542 0.467448 0.213542 0.467448 0.161458 0.415365 0.161458
1 0.684896 0.623698 0.736979 0.623698 0.736979 0.571615 0.684896 0.571615
1 0.457031 0.863281 0.509115 0.863281 0.509115 0.811198 0.457031 0.811198
2 0.244792 0.714844 0.270833 0.714844 0.270833 0.688802 0.244792 0.688802
2 0.127604 0.196615 0.153646 0.196615 0.153646 0.170573 0.127604 0.170573
2 0.707031 0.466146 0.733073 0.466146 0.733073 0.440104 0.707031 0.440104
2 0.885417 0.307292 0.911458 0.307292 0.911458 0.281250 0.885417 0.281250
2 0.833333 0.281250 0.859375 0.281250 0.859375 0.255208 0.833333 0.255208
2 0.186198 0.428385 0.212240 0.428385 0.212240 0.402344 0.186198 0.402344
