0 0.770833 1.000000 0.881510 1.000000 0.821615 0.013021 0.710938 0.010417
1 0.970052 0.522135 1.000000 0.522135 1.000000 0.470052 0.970052 0.470052
1 0.916667 0.057292 0.968750 0.057292 0.968750 0.005208 0.916667 0.005208
1 0.766927 0.169271 0.819010 0.169271 0.819010 0.117188 0.766927 0.117188
1 0.686198 0.592448 0.738281 0.592448 0.738281 0.540365 0.686198 0.540365
1 0.348958 0.167969 0.401042 0.167969 0.401042 0.115885 0.348958 0.115885
1 0.054688 0.473958 0.106771 0.473958 0.106771 0.421875 0.054688 0.421875
2 0.071615 0.316406 0.097656 0.316406 0.097656 0.290365 0.071615 0.290365
2 0.917969 0.058594 0.944010 0.058594 0.944010 0.032552 0.917969 0.032552
2 0.028646 0.475260 0.054688 0.475260 0.054688 0.449219 0.028646 0.449219
2 0.865885 0.947917 0.891927 0.947917 0.891927 0.921875 0.865885 0.921875
2 0.130208 0.417969 0.156250 0.417969 0.156250 0.391927 0.130208 0.391927
2 0.001302 0.425781 0.026042 0.425781 0.026042 0.399740 0.001302 0.399740
2 0.446615 0.895833 0.472656 0.895833 0.472656 0.869792 0.446615 0.869792
