0 0.000000 0.500000 0.996094 0.475260 0.949219 0.365885 0.000000 0.389323
1 0.510417 0.941406 0.562500 0.941406 0.562500 0.889323 0.510417 0.889323
1 0.196615 0.925781 0.248698 0.925781 0.248698 0.873698 0.196615 0.873698
1 0.397135 0.579427 0.449219 0.579427 0.449219 0.527344 0.397135 0.527344
1 0.131510 0.378906 0.183594 0.378906 0.183594 0.326823 0.131510 0.326823
1 0.234375 0.375000 0.286458 0.375000 0.286458 0.322917 0.234375 0.322917
1 0.516927 0.187500 0.569010 0.187500 0.569010 0.135417 0.516927 0.135417
2 0.524740 0.526042 0.550781 0.526042 0.550781 0.500000 0.524740 0.500000
2 0.108073 0.483073 0.134115 0.483073 0.134115 0.457031 0.108073 0.457031
2 0.220052 0.872396 0.246094 0.872396 0.246094 0.846354 0.220052 0.846354
