0 0.000000 0.549479 0.000000 0.660156 0.996094 0.500000 0.997396 0.389323
1 0.308594 0.975260 0.360677 0.975260 0.360677 0.923177 0.308594 0.923177
1 0.873698 0.885417 0.925781 0.885417 0.925781 0.833333 0.873698 0.833333
1 0.375000 0.911458 0.427083 0.911458 0.427083 0.859375 0.375000 0.859375
1 0.132812 0.871094 0.184896 0.871094 0.184896 0.819010 0.132812 0.819010
1 0.644531 0.446615 0.696615 0.446615 0.696615 0.394531 0.644531 0.394531
1 0.692708 0.252604 0.744792 0.252604 0.744792 0.200521 0.692708 0.200521
2 0.479167 0.210938 0.505208 0.210938 0.505208 0.184896 0.479167 0.184896
2 0.584635 0.222656 0.610677 0.222656 0.610677 0.196615 0.584635 0.196615
2 0.540365 0.437500 0.566406 0.437500 0.566406 0.411458 0.540365 0.411458
2 0.348958 0.733073 0.375000 0.733073 0.375000 0.707031 0.348958 0.707031
2 0.718750 0.727865 0.744792 0.727865 0.744792 0.701823 0.718750 0.701823
