0 0.908854 1.000000 1.000000 0.799479 0.928385 0.005208 0.817708 0.002604
1 0.871094 0.856771 0.923177 0.856771 0.923177 0.804688 0.871094 0.804688
1 0.713542 0.269531 0.765625 0.269531 0.765625 0.217448 0.713542 0.217448
1 0.261719 0.494792 0.313802 0.494792 0.313802 0.442708 0.261719 0.442708
1 0.152344 0.164062 0.204427 0.164062 0.204427 0.111979 0.152344 0.111979
1 0.160156 0.529948 0.212240 0.529948 0.212240 0.477865 0.160156 0.477865
1 0.001302 0.046875 0.040365 0.046875 0.040365 0.001302 0.001302 0.001302
1 0.001302 0.858073 0.035156 0.858073 0.035156 0.805990 0.001302 0.805990
2 0.190104 0.839844 0.216146 0.839844 0.216146 0.813802 0.190104 0.813802
2 0.221354 0.889323 0.247396 0.889323 0.247396 0.863281 0.221354 0.863281
