0 0.009115 0.382812 1.000000 0.492188 1.000000 0.381510 0.007812 0.272135
1 0.829427 0.881510 0.881510 0.881510 0.881510 0.829427 0.829427 0.829427
1 0.263021 0.792969 0.315104 0.792969 0.315104 0.740885 0.263021 0.740885
1 0.377604 0.463542 0.429688 0.463542 0.429688 0.411458 0.377604 0.411458
1 0.929688 0.445312 0.981771 0.445312 0.981771 0.393229 0.929688 0.393229
2 0.692708 0.182292 0.718750 0.182292 0.718750 0.156250 0.692708 0.156250
2 0.003906 0.028646 0.029948 0.028646 0.029948 0.002604 0.003906 0.002604
2 0.069010 0.638021 0.095052 0.638021 0.095052 0.611979 0.069010 0.611979
2 0.852865 0.881510 0.878906 0.881510 0.878906 0.855469 0.852865 0.855469
2 0.725260 0.606771 0.751302 0.606771 0.751302 0.580729 0.725260 0.580729
2 0.730469 0.082031 0.756510 0.082031 0.756510 0.055990 0.730469 0.055990
