0 0.001302 1.000000 0.001302 1.000000 0.089844 1.000000 0.085937 0.061198
1 0.941406 0.029948 0.993490 0.029948 0.993490 0.001302 0.941406 0.001302
1 0.760417 0.265625 0.812500 0.265625 0.812500 0.213542 0.760417 0.213542
1 0.421875 0.580729 0.473958 0.580729 0.473958 0.528646 0.421875 0.528646
1 0.242188 0.787760 0.294271 0.787760 0.294271 0.735677 0.242188 0.735677
1 0.032552 0.763021 0.084635 0.763021 0.084635 0.710938 0.032552 0.710938
1 0.001302 0.319010 0.032552 0.319010 0.032552 0.266927 0.001302 0.266927
2 0.631510 0.838542 0.657552 0.838542 0.657552 0.812500 0.631510 0.812500
2 0.292969 0.266927 0.319010 0.266927 0.319010 0.240885 0.292969 0.240885
2 0.787760 0.423177 0.813802 0.423177 0.813802 0.397135 0.787760 0.397135
2 0.449219 0.890625 0.475260 0.890625 0.475260 0.864583 0.449219 0.864583
2 0.761719 0.968750 0.787760 0.968750 0.787760 0.942708 0.761719 0.942708
