0 0.204427 1.000000 0.315104 1.000000 0.328125 0.026042 0.217448 0.040365
1 0.130208 0.834635 0.182292 0.834635 0.182292 0.782552 0.130208 0.782552
1 0.257812 0.990885 0.309896 0.990885 0.309896 0.938802 0.257812 0.938802
1 0.477865 0.162760 0.529948 0.162760 0.529948 0.110677 0.477865 0.110677
1 0.674479 0.998698 0.726562 0.998698 0.726562 0.946615 0.674479 0.946615
1 0.891927 0.298177 0.944010 0.298177 0.944010 0.246094 0.891927 0.246094
1 0.940104 0.635417 0.992188 0.635417 0.992188 0.583333 0.940104 0.583333
2 0.417969 0.837240 0.444010 0.837240 0.444010 0.811198 0.417969 0.811198
2 0.733073 0.555990 0.759115 0.555990 0.759115 0.529948 0.733073 0.529948
2 0.180990 0.992188 0.207031 0.992188 0.207031 0.966146 0.180990 0.966146
