0 0.123698 1.000000 0.234375 1.000000 0.166667 0.014323 0.055990 0.010417
1 0.890625 0.500000 0.942708 0.500000 0.942708 0.447917 0.890625 0.447917
1 0.735677 0.535156 0.787760 0.535156 0.787760 0.483073 0.735677 0.483073
1 0.661458 0.593750 0.713542 0.593750 0.713542 0.541667 0.661458 0.541667
1 0.464844 0.763021 0.516927 0.763021 0.516927 0.710938 0.464844 0.710938
1 0.324219 0.614583 0.376302 0.614583 0.376302 0.562500 0.324219 0.562500
1 0.244792 0.593750 0.296875 0.593750 0.296875 0.541667 0.244792 0.541667
2 0.593750 0.753906 0.619792 0.753906 0.619792 0.727865 0.593750 0.727865
2 0.460938 0.319010 0.486979 0.319010 0.486979 0.292969 0.460938 0.292969
2 0.945312 0.938802 0.971354 0.938802 0.971354 0.912760 0.945312 0.912760
2 0.923177 0.967448 0.949219 0.967448 0.949219 0.941406 0.923177 0.941406
2 0.583333 0.963542 0.609375 0.963542 0.609375 0.937500 0.583333 0.937500
2 0.742188 0.613281 0.768229 0.613281 0.768229 0.587240 0.742188 0.587240
2 0.893229 0.916667 0.919271 0.916667 0.919271 0.890625 0.893229 0.890625
2 0.428385 0.244792 0.454427 0.244792 0.454427 0.218750 0.428385 0.218750
