0 0.001302 1.000000 0.001302 1.000000 0.110677 1.000000 0.031250 0.005208
1 0.917969 0.205729 0.970052 0.205729 0.970052 0.153646 0.917969 0.153646
1 0.825521 0.994792 0.877604 0.994792 0.877604 0.942708 0.825521 0.942708
1 0.750000 0.059896 0.802083 0.059896 0.802083 0.007812 0.750000 0.007812
1 0.747396 0.688802 0.799479 0.688802 0.799479 0.636719 0.747396 0.636719
1 0.618490 1.000000 0.670573 1.000000 0.670573 0.960938 0.618490 0.960938
1 0.355469 0.328125 0.407552 0.328125 0.407552 0.276042 0.355469 0.276042
1 0.001302 0.932292 0.036458 0.932292 0.036458 0.880208 0.001302 0.880208
2 0.865885 0.837240 0.891927 0.837240 0.891927 0.811198 0.865885 0.811198
2 0.369792 0.169271 0.395833 0.169271 0.395833 0.143229 0.369792 0.143229
