0 0.000000 0.627604 0.890625 0.636719 0.869792 0.526042 0.000000 0.516927
1 0.399740 0.161458 0.451823 0.161458 0.451823 0.109375 0.399740 0.109375
1 0.971354 0.242188 0.998698 0.242188 0.998698 0.190104 0.971354 0.190104
1 0.785156 0.502604 0.837240 0.502604 0.837240 0.450521 0.785156 0.450521
1 0.369792 0.524740 0.421875 0.524740 0.421875 0.472656 0.369792 0.472656
1 0.578125 0.526042 0.630208 0.526042 0.630208 0.473958 0.578125 0.473958
1 0.966146 0.687500 0.998698 0.687500 0.998698 0.635417 0.966146 0.635417
1 0.183594 0.809896 0.235677 0.809896 0.235677 0.757812 0.183594 0.757812
1 0.574219 0.837240 0.626302 0.837240 0.626302 0.785156 0.574219 0.785156
2 0.549479 0.680990 0.575521 0.680990 0.575521 0.654948 0.549479 0.654948
2 0.755208 0.865885 0.781250 0.865885 0.781250 0.839844 0.755208 0.839844
2 0.941406 0.583333 0.967448 0.583333 0.967448 0.557292 0.941406 0.557292
2 0.477865 0.057292 0.503906 0.057292 0.503906 0.031250 0.477865 0.031250
2 0.423177 0.238281 0.449219 0.238281 0.449219 0.212240 0.423177 0.212240
2 0.473958 0.550781 0.500000 0.550781 0.500000 0.524740 0.473958 0.524740
2 0.084635 0.157552 0.110677 0.157552 0.110677 0.131510 0.084635 0.131510
