0 0.071615 0.994792 0.182292 0.997396 0.091146 0.000000 0.000000 0.200521
1 0.076823 0.195313 0.128906 0.195313 0.128906 0.143229 0.076823 0.143229
1 0.234375 0.782552 0.286458 0.782552 0.286458 0.730469 0.234375 0.730469
1 0.686198 0.557292 0.738281 0.557292 0.738281 0.505208 0.686198 0.505208
1 0.795573 0.888021 0.847656 0.888021 0.847656 0.835938 0.795573 0.835938
1 0.787760 0.522135 0.839844 0.522135 0.839844 0.470052 0.787760 0.470052
1 0.959635 0.998698 0.998698 0.998698 0.998698 0.953125 0.959635 0.953125
1 0.964844 0.194010 0.998698 0.194010 0.998698 0.141927 0.964844 0.141927
2 0.783854 0.186198 0.809896 0.186198 0.809896 0.160156 0.783854 0.160156
2 0.752604 0.136719 0.778646 0.136719 0.778646 0.110677 0.752604 0.110677
