0 0.832031 1.000000 0.942708 1.000000 0.851562 0.001302 0.742188 0.014323
1 0.886719 0.149740 0.938802 0.149740 0.938802 0.097656 0.886719 0.097656
1 0.787760 0.812500 0.839844 0.812500 0.839844 0.760417 0.787760 0.760417
1 0.518229 0.156250 0.570312 0.156250 0.570312 0.104167 0.518229 0.104167
1 0.516927 0.705729 0.569010 0.705729 0.569010 0.653646 0.516927 0.653646
1 0.373698 0.850260 0.425781 0.850260 0.425781 0.798177 0.373698 0.798177
1 0.082031 0.822917 0.134115 0.822917 0.134115 0.770833 0.082031 0.770833
1 0.046875 1.000000 0.098958 1.000000 0.098958 0.957031 0.046875 0.957031
2 0.841146 0.808594 0.867188 0.808594 0.867188 0.782552 0.841146 0.782552
2 0.669271 0.066406 0.695312 0.066406 0.695312 0.040365 0.669271 0.040365
2 0.972656 0.509115 0.998698 0.509115 0.998698 0.483073 0.972656 0.483073
2 0.286458 0.753906 0.312500 0.753906 0.312500 0.727865 0.286458 0.727865
2 0.161458 0.503906 0.187500 0.503906 0.187500 0.477865 0.161458 0.477865
2 0.199219 0.055990 0.225260 0.055990 0.225260 0.029948 0.199219 0.029948
2 0.489583 0.106771 0.515625 0.106771 0.515625 0.080729 0.489583 0.080729
