0 0.391927 0.998698 1.000000 0.998698 1.000000 0.998698 1.000000 0.908854
1 0.111979 0.920573 0.164063 0.920573 0.164063 0.868490 0.111979 0.868490
1 0.756510 0.998698 0.808594 0.998698 0.808594 0.957031 0.756510 0.957031
2 0.794271 0.533854 0.820312 0.533854 0.820312 0.507812 0.794271 0.507812
2 0.829427 0.238281 0.855469 0.238281 0.855469 0.212240 0.829427 0.212240
2 0.194010 0.384115 0.220052 0.384115 0.220052 0.358073 0.194010 0.358073
2 0.145833 0.786458 0.171875 0.786458 0.171875 0.760417 0.145833 0.760417
2 0.764323 0.511719 0.790365 0.511719 0.790365 0.485677 0.764323 0.485677
2 0.394531 0.144531 0.420573 0.144531 0.420573 0.118490 0.394531 0.118490
2 0.046875 0.998698 0.072917 0.998698 0.072917 0.983073 0.046875 0.983073
