0 0.001302 0.608073 0.091146 0.000000 0.001302 0.000000 0.001302 0.000000
1 0.079427 0.888021 0.131510 0.888021 0.131510 0.835938 0.079427 0.835938
1 0.001302 0.243490 0.042969 0.243490 0.042969 0.191406 0.001302 0.191406
2 0.466146 0.205729 0.492188 0.205729 0.492188 0.179688 0.466146 0.179688
2 0.761719 0.170573 0.787760 0.170573 0.787760 0.144531 0.761719 0.144531
2 0.615885 0.805990 0.641927 0.805990 0.641927 0.779948 0.615885 0.779948
2 0.213542 0.854167 0.239583 0.854167 0.239583 0.828125 0.213542 0.828125
2 0.488281 0.235677 0.514323 0.235677 0.514323 0.209635 0.488281 0.209635
2 0.855469 0.605469 0.881510 0.605469 0.881510 0.579427 0.855469 0.579427
2 0.001302 0.953125 0.016927 0.953125 0.016927 0.927083 0.001302 0.927083
