0 0.006510 0.378906 1.000000 0.462240 1.000000 0.351563 0.003906 0.268229
1 0.195312 0.736979 0.247396 0.736979 0.247396 0.684896 0.195312 0.684896
1 0.942708 0.539063 0.994792 0.539063 0.994792 0.486979 0.942708 0.486979
1 0.420573 0.235677 0.472656 0.235677 0.472656 0.183594 0.420573 0.183594
1 0.553385 0.221354 0.605469 0.221354 0.605469 0.169271 0.553385 0.169271
1 0.477865 0.160156 0.529948 0.160156 0.529948 0.108073 0.477865 0.108073
1 0.743490 0.104167 0.795573 0.104167 0.795573 0.052083 0.743490 0.052083
1 0.589844 0.091146 0.641927 0.091146 0.641927 0.039062 0.589844 0.039062
2 0.359375 0.333333 0.385417 0.333333 0.385417 0.307292 0.359375 0.307292
2 0.929688 0.066406 0.955729 0.066406 0.955729 0.040365 0.929688 0.040365
