0 0.993490 0.252604 0.992188 0.141927 0.110677 0.000000 0.000000 0.092448
1 0.170573 0.108073 0.222656 0.108073 0.222656 0.055990 0.170573 0.055990
1 0.727865 0.248698 0.779948 0.248698 0.779948 0.196615 0.727865 0.196615
1 0.174479 0.240885 0.226562 0.240885 0.226562 0.188802 0.174479 0.188802
1 0.578125 0.358073 0.630208 0.358073 0.630208 0.305990 0.578125 0.305990
1 0.050781 0.536458 0.102865 0.536458 0.102865 0.484375 0.050781 0.484375
1 0.768229 0.652344 0.820312 0.652344 0.820312 0.600260 0.768229 0.600260
1 0.363281 0.718750 0.415365 0.718750 0.415365 0.666667 0.363281 0.666667
1 0.407552 0.936198 0.459635 0.936198 0.459635 0.884115 0.407552 0.884115
2 0.742188 0.962240 0.768229 0.962240 0.768229 0.936198 0.742188 0.936198
2 0.613281 0.623698 0.639323 0.623698 0.639323 0.597656 0.613281 0.597656
2 0.828125 0.924479 0.854167 0.924479 0.854167 0.898438 0.828125 0.898438
2 0.811198 0.709635 0.837240 0.709635 0.837240 0.683594 0.811198 0.683594
2 0.279948 0.729167 0.305990 0.729167 0.305990 0.703125 0.279948 0.703125
