0 0.477865 1.000000 0.588542 1.000000 0.494792 0.001302 0.385417 0.013021
1 0.578125 0.229167 0.630208 0.229167 0.630208 0.177083 0.578125 0.177083
1 0.457031 0.058594 0.509115 0.058594 0.509115 0.006510 0.457031 0.006510
1 0.417969 0.765625 0.470052 0.765625 0.470052 0.713542 0.417969 0.713542
2 0.822917 0.886719 0.848958 0.886719 0.848958 0.860677 0.822917 0.860677
2 0.330729 0.670573 0.356771 0.670573 0.356771 0.644531 0.330729 0.644531
2 0.868490 0.805990 0.894531 0.805990 0.894531 0.779948 0.868490 0.779948
2 0.351562 0.330729 0.377604 0.330729 0.377604 0.304688 0.351562 0.304688
2 0.304688 0.934896 0.330729 0.934896 0.330729 0.908854 0.304688 0.908854
2 0.691406 0.873698 0.717448 0.873698 0.717448 0.847656 0.691406 0.847656
