0 0.792969 1.000000 0.903646 1.000000 0.891927 0.074219 0.781250 0.058594
1 0.554688 0.709635 0.606771 0.709635 0.606771 0.657552 0.554688 0.657552
1 0.550781 0.316406 0.602865 0.316406 0.602865 0.264323 0.550781 0.264323
1 0.290365 0.450521 0.342448 0.450521 0.342448 0.398438 0.290365 0.398438
1 0.218750 0.946615 0.270833 0.946615 0.270833 0.894531 0.218750 0.894531
1 0.158854 0.218750 0.210938 0.218750 0.210938 0.166667 0.158854 0.166667
1 0.141927 0.947917 0.194010 0.947917 0.194010 0.895833 0.141927 0.895833
1 0.140625 0.816406 0.192708 0.816406 0.192708 0.764323 0.140625 0.764323
1 0.001302 0.244792 0.028646 0.244792 0.028646 0.192708 0.001302 0.192708
2 0.264323 0.243490 0.290365 0.243490 0.290365 0.217448 0.264323 0.217448
2 0.819010 0.914062 0.845052 0.914062 0.845052 0.888021 0.819010 0.888021
2 0.574219 0.108073 0.600260 0.108073 0.600260 0.082031 0.574219 0.082031
2 0.554688 0.683594 0.580729 0.683594 0.580729 0.657552 0.554688 0.657552
2 0.532552 0.941406 0.558594 0.941406 0.558594 0.915365 0.532552 0.915365
2 0.601562 0.238281 0.627604 0.238281 0.627604 0.212240 0.601562 0.212240
