0 0.455729 1.000000 0.566406 1.000000 0.608073 0.001302 0.497396 0.005208
1 0.468750 0.631510 0.520833 0.631510 0.520833 0.579427 0.468750 0.579427
1 0.580729 0.427083 0.632812 0.427083 0.632812 0.375000 0.580729 0.375000
1 0.656250 0.533854 0.708333 0.533854 0.708333 0.481771 0.656250 0.481771
1 0.666667 0.899740 0.718750 0.899740 0.718750 0.847656 0.666667 0.847656
1 0.799479 0.802083 0.851562 0.802083 0.851562 0.750000 0.799479 0.750000
1 0.813802 0.514323 0.865885 0.514323 0.865885 0.462240 0.813802 0.462240
1 0.872396 0.361979 0.924479 0.361979 0.924479 0.309896 0.872396 0.309896
1 0.963542 0.651042 0.998698 0.651042 0.998698 0.598958 0.963542 0.598958
2 0.957031 0.156250 0.983073 0.156250 0.983073 0.130208 0.957031 0.130208
2 0.178385 0.748698 0.204427 0.748698 0.204427 0.722656 0.178385 0.722656
2 0.069010 0.873698 0.095052 0.873698 0.095052 0.847656 0.069010 0.847656
2 0.458333 0.864583 0.484375 0.864583 0.484375 0.838542 0.458333 0.838542
