0 0.000000 0.957031 0.996094 0.924479 0.960938 0.815104 0.000000 0.846354
1 0.118490 0.848958 0.170573 0.848958 0.170573 0.796875 0.118490 0.796875
1 0.584635 0.705729 0.636719 0.705729 0.636719 0.653646 0.584635 0.653646
1 0.608073 0.651042 0.660156 0.651042 0.660156 0.598958 0.608073 0.598958
1 0.287760 0.429688 0.339844 0.429688 0.339844 0.377604 0.287760 0.377604
1 0.911458 0.356771 0.963542 0.356771 0.963542 0.304687 0.911458 0.304687
1 0.567708 0.184896 0.619792 0.184896 0.619792 0.132812 0.567708 0.132812
1 0.330729 0.139323 0.382812 0.139323 0.382812 0.087240 0.330729 0.087240
1 0.618490 0.132812 0.670573 0.132812 0.670573 0.080729 0.618490 0.080729
2 0.186198 0.509115 0.212240 0.509115 0.212240 0.483073 0.186198 0.483073
2 0.391927 0.399740 0.417969 0.399740 0.417969 0.373698 0.391927 0.373698
2 0.553385 0.601562 0.579427 0.601562 0.579427 0.575521 0.553385 0.575521
2 0.845052 0.748698 0.871094 0.748698 0.871094 0.722656 0.845052 0.722656
2 0.588542 0.053385 0.614583 0.053385 0.614583 0.027344 0.588542 0.027344
