0 0.221354 1.000000 0.332031 1.000000 0.256510 0.007812 0.145833 0.006510
1 0.653646 0.826823 0.705729 0.826823 0.705729 0.774740 0.653646 0.774740
1 0.376302 0.273438 0.428385 0.273438 0.428385 0.221354 0.376302 0.221354
1 0.213542 0.179688 0.265625 0.179688 0.265625 0.127604 0.213542 0.127604
1 0.171875 0.679688 0.223958 0.679688 0.223958 0.627604 0.171875 0.627604
1 0.154948 0.785156 0.207031 0.785156 0.207031 0.733073 0.154948 0.733073
2 0.595052 0.388021 0.621094 0.388021 0.621094 0.361979 0.595052 0.361979
2 0.123698 0.371094 0.149740 0.371094 0.149740 0.345052 0.123698 0.345052
2 0.053385 0.140625 0.079427 0.140625 0.079427 0.114583 0.053385 0.114583
2 0.549479 0.130208 0.575521 0.130208 0.575521 0.104167 0.549479 0.104167
2 0.921875 0.207031 0.947917 0.207031 0.947917 0.180990 0.921875 0.180990
