0 0.998698 0.957031 0.998698 0.305990 0.946615 -0.000000 0.835938 -0.000000
1 0.069010 0.329427 0.121094 0.329427 0.121094 0.277344 0.069010 0.277344
1 0.631510 0.049479 0.683594 0.049479 0.683594 0.000000 0.631510 0.000000
1 0.867188 0.352865 0.919271 0.352865 0.919271 0.300781 0.867188 0.300781
1 0.906250 0.424479 0.958333 0.424479 0.958333 0.372396 0.906250 0.372396
1 0.953125 0.708333 0.998698 0.708333 0.998698 0.656250 0.953125 0.656250
2 0.230469 0.649740 0.256510 0.649740 0.256510 0.623698 0.230469 0.623698
2 0.459635 0.424479 0.485677 0.424479 0.485677 0.398438 0.459635 0.398438
2 0.484375 0.104167 0.510417 0.104167 0.510417 0.078125 0.484375 0.078125
2 0.308594 0.951823 0.334635 0.951823 0.334635 0.925781 0.308594 0.925781
2 0.204427 0.177083 0.230469 0.177083 0.230469 0.151042 0.204427 0.151042
2 0.022135 0.182292 0.048177 0.182292 0.048177 0.156250 0.022135 0.156250
2 0.149740 0.160156 0.175781 0.160156 0.175781 0.134115 0.149740 0.134115
