0 0.000000 0.265625 0.000000 0.376302 0.997396 0.236979 0.998698 0.126302
1 0.223958 0.824219 0.276042 0.824219 0.276042 0.772135 0.223958 0.772135
1 0.052083 0.717448 0.104167 0.717448 0.104167 0.665365 0.052083 0.665365
1 0.798177 0.585938 0.850260 0.585938 0.850260 0.533854 0.798177 0.533854
1 0.036458 0.402344 0.088542 0.402344 0.088542 0.350260 0.036458 0.350260
1 0.591146 0.246094 0.643229 0.246094 0.643229 0.194010 0.591146 0.194010
2 0.766927 0.356771 0.792969 0.356771 0.792969 0.330729 0.766927 0.330729
2 0.700521 0.076823 0.726562 0.076823 0.726562 0.050781 0.700521 0.050781
2 0.247396 0.980469 0.273438 0.980469 0.273438 0.954427 0.247396 0.954427
2 0.657552 0.897135 0.683594 0.897135 0.683594 0.871094 0.657552 0.871094
