0 0.000000 0.458333 0.000000 0.569010 0.997396 0.449219 0.998698 0.338542
1 0.826823 0.404948 0.878906 0.404948 0.878906 0.352865 0.826823 0.352865
1 0.335938 0.253906 0.388021 0.253906 0.388021 0.201823 0.335938 0.201823
2 0.953125 0.575521 0.979167 0.575521 0.979167 0.549479 0.953125 0.549479
2 0.893229 0.083333 0.919271 0.083333 0.919271 0.057292 0.893229 0.057292
2 0.126302 0.018229 0.152344 0.018229 0.152344 0.001302 0.126302 0.001302
2 0.934896 0.210938 0.960938 0.210938 0.960938 0.184896 0.934896 0.184896
2 0.147135 0.856771 0.173177 0.856771 0.173177 0.830729 0.147135 0.830729
2 0.742188 0.785156 0.768229 0.785156 0.768229 0.759115 0.742188 0.759115
2 0.929688 0.369792 0.955729 0.369792 0.955729 0.343750 0.929688 0.343750
2 0.046875 0.238281 0.072917 0.238281 0.072917 0.212240 0.046875 0.212240
