0 0.822917 0.997396 0.933594 0.998698 0.760417 0.000000 0.649740 0.000000
1 0.022135 0.364583 0.074219 0.364583 0.074219 0.312500 0.022135 0.312500
1 0.226562 0.621094 0.278646 0.621094 0.278646 0.569010 0.226562 0.569010
1 0.234375 0.673177 0.286458 0.673177 0.286458 0.621094 0.234375 0.621094
1 0.424479 0.850260 0.476562 0.850260 0.476562 0.798177 0.424479 0.798177
1 0.596354 0.320312 0.648438 0.320312 0.648438 0.268229 0.596354 0.268229
1 0.701823 0.776042 0.753906 0.776042 0.753906 0.723958 0.701823 0.723958
1 0.812500 0.809896 0.864583 0.809896 0.864583 0.757812 0.812500 0.757812
1 0.839844 0.805990 0.891927 0.805990 0.891927 0.753906 0.839844 0.753906
2 0.085938 0.410156 0.111979 0.410156 0.111979 0.384115 0.085938 0.384115
2 0.971354 0.945312 0.997396 0.945312 0.997396 0.919271 0.971354 0.919271
2 0.005208 0.871094 0.031250 0.871094 0.031250 0.845052 0.005208 0.845052
2 0.644531 0.286458 0.670573 0.286458 0.670573 0.260417 0.644531 0.260417
2 0.363281 0.942708 0.389323 0.942708 0.389323 0.916667 0.363281 0.916667
