0 0.000000 0.998698 0.000000 0.998698 0.938802 0.914062 0.000000 0.910156
1 0.970052 0.058594 0.998698 0.058594 0.998698 0.006510 0.970052 0.006510
1 0.734375 0.239583 0.786458 0.239583 0.786458 0.187500 0.734375 0.187500
1 0.419271 0.578125 0.471354 0.578125 0.471354 0.526042 0.419271 0.526042
1 0.212240 0.757812 0.264323 0.757812 0.264323 0.705729 0.212240 0.705729
1 0.236979 0.967448 0.289062 0.967448 0.289062 0.915365 0.236979 0.915365
1 0.680990 0.998698 0.733073 0.998698 0.733073 0.967448 0.680990 0.967448
2 0.161458 0.368490 0.187500 0.368490 0.187500 0.342448 0.161458 0.342448
2 0.733073 0.707031 0.759115 0.707031 0.759115 0.680990 0.733073 0.680990
2 0.576823 0.212240 0.602865 0.212240 0.602865 0.186198 0.576823 0.186198
2 0.109375 0.550781 0.135417 0.550781 0.135417 0.524740 0.109375 0.524740
2 0.031250 0.238281 0.057292 0.238281 0.057292 0.212240 0.031250 0.212240
