0 0.001302 1.000000 0.001302 1.000000 0.058594 1.000000 0.001302 0.471354
1 0.881510 0.167969 0.933594 0.167969 0.933594 0.115885 0.881510 0.115885
1 0.346354 0.069010 0.398438 0.069010 0.398438 0.016927 0.346354 0.016927
1 0.272135 0.834635 0.324219 0.834635 0.324219 0.782552 0.272135 0.782552
1 0.089844 0.097656 0.141927 0.097656 0.141927 0.045573 0.089844 0.045573
2 0.700521 0.425781 0.726562 0.425781 0.726562 0.399740 0.700521 0.399740
2 0.369792 0.278646 0.395833 0.278646 0.395833 0.252604 0.369792 0.252604
2 0.450521 0.532552 0.476562 0.532552 0.476562 0.506510 0.450521 0.506510
2 0.920573 0.769531 0.946615 0.769531 0.946615 0.743490 0.920573 0.743490
2 0.343750 0.253906 0.369792 0.253906 0.369792 0.227865 0.343750 0.227865
