0 0.000000 0.588542 0.998698 0.494792 0.986979 0.385417 0.000000 0.477865
1 0.770833 0.630208 0.822917 0.630208 0.822917 0.578125 0.770833 0.578125
1 0.941406 0.509115 0.993490 0.509115 0.993490 0.457031 0.941406 0.457031
1 0.234375 0.470052 0.286458 0.470052 0.286458 0.417969 0.234375 0.417969
2 0.113281 0.848958 0.139323 0.848958 0.139323 0.822917 0.113281 0.822917
2 0.329427 0.356771 0.355469 0.356771 0.355469 0.330729 0.329427 0.330729
2 0.194010 0.894531 0.220052 0.894531 0.220052 0.868490 0.194010 0.868490
2 0.669271 0.377604 0.695312 0.377604 0.695312 0.351562 0.669271 0.351562
2 0.065104 0.330729 0.091146 0.330729 0.091146 0.304688 0.065104 0.304688
2 0.126302 0.717448 0.152344 0.717448 0.152344 0.691406 0.126302 0.691406
