0 0.161458 1.000000 0.272135 1.000000 0.266927 0.201823 0.156250 0.165365
1 0.395833 0.553385 0.447917 0.553385 0.447917 0.501302 0.395833 0.501302
1 0.264323 0.110677 0.316406 0.110677 0.316406 0.058594 0.264323 0.058594
1 0.134115 0.214844 0.186198 0.214844 0.186198 0.162760 0.134115 0.162760
1 0.058594 0.631510 0.110677 0.631510 0.110677 0.579427 0.058594 0.579427
1 0.001302 0.346354 0.031250 0.346354 0.031250 0.294271 0.001302 0.294271
2 0.682292 0.317708 0.708333 0.317708 0.708333 0.291667 0.682292 0.291667
2 0.526042 0.397135 0.552083 0.397135 0.552083 0.371094 0.526042 0.371094
2 0.085938 0.972656 0.111979 0.972656 0.111979 0.946615 0.085938 0.946615
2 0.342448 0.292969 0.368490 0.292969 0.368490 0.266927 0.342448 0.266927
2 0.733073 0.317708 0.759115 0.317708 0.759115 0.291667 0.733073 0.291667
2 0.500000 0.083333 0.526042 0.083333 0.526042 0.057292 0.500000 0.057292
