0 0.071615 0.985677 0.182292 0.988281 0.095052 0.000000 0.000000 0.162760
1 0.011719 0.643229 0.063802 0.643229 0.063802 0.591146 0.011719 0.591146
1 0.555990 0.884115 0.608073 0.884115 0.608073 0.832031 0.555990 0.832031
1 0.903646 0.958333 0.955729 0.958333 0.955729 0.906250 0.903646 0.906250
1 0.912760 0.773438 0.964844 0.773438 0.964844 0.721354 0.912760 0.721354
1 0.972656 0.847656 0.998698 0.847656 0.998698 0.795573 0.972656 0.795573
2 0.256510 0.126302 0.282552 0.126302 0.282552 0.100260 0.256510 0.100260
2 0.511719 0.341146 0.537760 0.341146 0.537760 0.315104 0.511719 0.315104
2 0.946615 0.250000 0.972656 0.250000 0.972656 0.223958 0.946615 0.223958
2 0.489583 0.682292 0.515625 0.682292 0.515625 0.656250 0.489583 0.656250
2 0.404948 0.035156 0.430990 0.035156 0.430990 0.009115 0.404948 0.009115
