0 0.096354 1.000000 0.207031 1.000000 0.218750 0.058594 0.108073 0.074219
1 0.393229 0.709635 0.445312 0.709635 0.445312 0.657552 0.393229 0.657552
1 0.397135 0.316406 0.449219 0.316406 0.449219 0.264323 0.397135 0.264323
1 0.657552 0.450521 0.709635 0.450521 0.709635 0.398438 0.657552 0.398438
1 0.729167 0.946615 0.781250 0.946615 0.781250 0.894531 0.729167 0.894531
1 0.789062 0.218750 0.841146 0.218750 0.841146 0.166667 0.789062 0.166667
1 0.805990 0.947917 0.858073 0.947917 0.858073 0.895833 0.805990 0.895833
1 0.807292 0.816406 0.859375 0.816406 0.859375 0.764323 0.807292 0.764323
1 0.971354 0.244792 0.998698 0.244792 0.998698 0.192708 0.971354 0.192708
2 0.709635 0.243490 0.735677 0.243490 0.735677 0.217448 0.709635 0.217448
2 0.154948 0.914062 0.180990 0.914062 0.180990 0.888021 0.154948 0.888021
2 0.399740 0.108073 0.425781 0.108073 0.425781 0.082031 0.399740 0.082031
2 0.419271 0.683594 0.445312 0.683594 0.445312 0.657552 0.419271 0.657552
2 0.441406 0.941406 0.467448 0.941406 0.467448 0.915365 0.441406 0.915365
2 0.372396 0.238281 0.398438 0.238281 0.398438 0.212240 0.372396 0.212240
