0 0.226562 1.000000 0.337240 1.000000 0.257812 0.015625 0.147135 0.013021
1 0.514323 0.054688 0.566406 0.054688 0.566406 0.002604 0.514323 0.002604
1 0.492188 0.421875 0.544271 0.421875 0.544271 0.369792 0.492188 0.369792
1 0.441406 0.764323 0.493490 0.764323 0.493490 0.712240 0.441406 0.712240
1 0.358073 0.694010 0.410156 0.694010 0.410156 0.641927 0.358073 0.641927
1 0.195312 0.940104 0.247396 0.940104 0.247396 0.888021 0.195312 0.888021
1 0.010417 0.276042 0.062500 0.276042 0.062500 0.223958 0.010417 0.223958
2 0.662760 0.591146 0.688802 0.591146 0.688802 0.565104 0.662760 0.565104
2 0.648438 0.722656 0.674479 0.722656 0.674479 0.696615 0.648438 0.696615
2 0.532552 0.261719 0.558594 0.261719 0.558594 0.235677 0.532552 0.235677
2 0.214844 0.548177 0.240885 0.548177 0.240885 0.522135 0.214844 0.522135
2 0.001302 0.721354 0.020833 0.721354 0.020833 0.695312 0.001302 0.695312
2 0.500000 0.186198 0.526042 0.186198 0.526042 0.160156 0.500000 0.160156
2 0.302083 0.984375 0.328125 0.984375 0.328125 0.958333 0.302083 0.958333
