0 0.006510 0.269531 1.000000 0.161458 1.000000 0.050781 0.007812 0.158854
1 0.196615 0.136719 0.248698 0.136719 0.248698 0.084635 0.196615 0.084635
1 0.031250 0.309896 0.083333 0.309896 0.083333 0.257812 0.031250 0.257812
1 0.449219 0.527344 0.501302 0.527344 0.501302 0.475260 0.449219 0.475260
2 0.608073 0.774740 0.634115 0.774740 0.634115 0.748698 0.608073 0.748698
2 0.890625 0.246094 0.916667 0.246094 0.916667 0.220052 0.890625 0.220052
2 0.743490 0.576823 0.769531 0.576823 0.769531 0.550781 0.743490 0.550781
2 0.048177 0.441406 0.074219 0.441406 0.074219 0.415365 0.048177 0.415365
2 0.516927 0.654948 0.542969 0.654948 0.542969 0.628906 0.516927 0.628906
2 0.447917 0.998698 0.473958 0.998698 0.473958 0.975260 0.447917 0.975260
