0 0.022135 0.114583 1.000000 0.058594 0.093750 0.000000 0.002604 0.005208
1 0.680990 0.045573 0.733073 0.045573 0.733073 0.000000 0.680990 0.000000
1 0.402344 0.162760 0.454427 0.162760 0.454427 0.110677 0.402344 0.110677
1 0.591146 0.282552 0.643229 0.282552 0.643229 0.230469 0.591146 0.230469
1 0.651042 0.411458 0.703125 0.411458 0.703125 0.359375 0.651042 0.359375
1 0.602865 0.490885 0.654948 0.490885 0.654948 0.438802 0.602865 0.438802
1 0.819010 0.609375 0.871094 0.609375 0.871094 0.557292 0.819010 0.557292
1 0.671875 0.774740 0.723958 0.774740 0.723958 0.722656 0.671875 0.722656
2 0.588542 0.231771 0.614583 0.231771 0.614583 0.205729 0.588542 0.205729
2 0.777344 0.326823 0.803385 0.326823 0.803385 0.300781 0.777344 0.300781
2 0.587240 0.649740 0.613281 0.649740 0.613281 0.623698 0.587240 0.623698
2 0.682292 0.958333 0.708333 0.958333 0.708333 0.932292 0.682292 0.932292
2 0.822917 0.220052 0.848958 0.220052 0.848958 0.194010 0.822917 0.194010
2 0.970052 0.028646 0.996094 0.028646 0.996094 0.002604 0.970052 0.002604
2 0.166667 0.126302 0.192708 0.126302 0.192708 0.100260 0.166667 0.100260
