0 0.769531 0.998698 0.880208 0.997396 1.000000 0.242188 0.928385 0.000000
1 0.626302 0.891927 0.678385 0.891927 0.678385 0.839844 0.626302 0.839844
1 0.059896 0.988281 0.111979 0.988281 0.111979 0.936198 0.059896 0.936198
1 0.078125 0.541667 0.130208 0.541667 0.130208 0.489583 0.078125 0.489583
2 0.812500 0.208333 0.838542 0.208333 0.838542 0.182292 0.812500 0.182292
2 0.003906 0.160156 0.029948 0.160156 0.029948 0.134115 0.003906 0.134115
2 0.752604 0.592448 0.778646 0.592448 0.778646 0.566406 0.752604 0.566406
2 0.492188 0.236979 0.518229 0.236979 0.518229 0.210938 0.492188 0.210938
2 0.696615 0.769531 0.722656 0.769531 0.722656 0.743490 0.696615 0.743490
2 0.458333 0.783854 0.484375 0.783854 0.484375 0.757812 0.458333 0.757812
2 0.057292 0.641927 0.083333 0.641927 0.083333 0.615885 0.057292 0.615885
