0 1.000000 0.197917 1.000000 0.087240 0.438802 0.001302 0.003906 0.045573
1 0.505208 0.847656 0.557292 0.847656 0.557292 0.795573 0.505208 0.795573
1 0.308594 0.580729 0.360677 0.580729 0.360677 0.528646 0.308594 0.528646
1 0.608073 0.337240 0.660156 0.337240 0.660156 0.285156 0.608073 0.285156
1 0.589844 0.281250 0.641927 0.281250 0.641927 0.229167 0.589844 0.229167
2 0.585938 0.304688 0.611979 0.304688 0.611979 0.278646 0.585938 0.278646
2 0.205729 0.378906 0.231771 0.378906 0.231771 0.352865 0.205729 0.352865
2 0.076823 0.358073 0.102865 0.358073 0.102865 0.332031 0.076823 0.332031
2 0.687500 0.503906 0.713542 0.503906 0.713542 0.477865 0.687500 0.477865
2 0.341146 0.531250 0.367188 0.531250 0.367188 0.505208 0.341146 0.505208
