0 0.188802 0.998698 0.299479 0.997396 0.420573 0.000000 0.309896 0.000000
1 0.769531 0.246094 0.821615 0.246094 0.821615 0.194010 0.769531 0.194010
1 0.740885 0.268229 0.792969 0.268229 0.792969 0.216146 0.740885 0.216146
1 0.691406 0.028646 0.743490 0.028646 0.743490 0.000000 0.691406 0.000000
1 0.575521 0.562500 0.627604 0.562500 0.627604 0.510417 0.575521 0.510417
1 0.475260 0.524740 0.527344 0.524740 0.527344 0.472656 0.475260 0.472656
1 0.444010 0.548177 0.496094 0.548177 0.496094 0.496094 0.444010 0.496094
1 0.186198 0.515625 0.238281 0.515625 0.238281 0.463542 0.186198 0.463542
1 0.091146 0.451823 0.143229 0.451823 0.143229 0.399740 0.091146 0.399740
2 0.964844 0.794271 0.990885 0.794271 0.990885 0.768229 0.964844 0.768229
2 0.496094 0.763021 0.522135 0.763021 0.522135 0.736979 0.496094 0.736979
2 0.632812 0.489583 0.658854 0.489583 0.658854 0.463542 0.632812 0.463542
2 0.223958 0.859375 0.250000 0.859375 0.250000 0.833333 0.223958 0.833333
2 0.679688 0.338542 0.705729 0.338542 0.705729 0.312500 0.679688 0.312500
2 0.895833 0.497396 0.921875 0.497396 0.921875 0.471354 0.895833 0.471354
2 0.777344 0.821615 0.803385 0.821615 0.803385 0.795573 0.777344 0.795573
2 0.899740 0.470052 0.925781 0.470052 0.925781 0.444010 0.899740 0.444010
