0 0.024740 0.321615 1.000000 0.368490 1.000000 0.257812 0.020833 0.210938
1 0.097656 0.796875 0.149740 0.796875 0.149740 0.744792 0.097656 0.744792
1 0.382812 0.782552 0.434896 0.782552 0.434896 0.730469 0.382812 0.730469
1 0.001302 0.608073 0.026042 0.608073 0.026042 0.555990 0.001302 0.555990
1 0.160156 0.562500 0.212240 0.562500 0.212240 0.510417 0.160156 0.510417
1 0.536458 0.295573 0.588542 0.295573 0.588542 0.243490 0.536458 0.243490
1 0.253906 0.256510 0.305990 0.256510 0.305990 0.204427 0.253906 0.204427
2 0.067708 0.819010 0.093750 0.819010 0.093750 0.792969 0.067708 0.792969
2 0.949219 0.966146 0.975260 0.966146 0.975260 0.940104 0.949219 0.940104
2 0.255208 0.229167 0.281250 0.229167 0.281250 0.203125 0.255208 0.203125
2 0.347656 0.441406 0.373698 0.441406 0.373698 0.415365 0.347656 0.415365
2 0.472656 0.578125 0.498698 0.578125 0.498698 0.552083 0.472656 0.552083
2 0.860677 0.649740 0.886719 0.649740 0.886719 0.623698 0.860677 0.623698
2 0.091146 0.899740 0.117188 0.899740 0.117188 0.873698 0.091146 0.873698
