0 0.476562 1.000000 0.587240 1.000000 0.626302 0.014323 0.515625 0.018229
1 0.045573 0.145833 0.097656 0.145833 0.097656 0.093750 0.045573 0.093750
1 0.300781 0.963542 0.352865 0.963542 0.352865 0.911458 0.300781 0.911458
1 0.372396 0.445312 0.424479 0.445312 0.424479 0.393229 0.372396 0.393229
1 0.647135 0.115885 0.699219 0.115885 0.699219 0.063802 0.647135 0.063802
1 0.742188 0.329427 0.794271 0.329427 0.794271 0.277344 0.742188 0.277344
1 0.753906 0.640625 0.805990 0.640625 0.805990 0.588542 0.753906 0.588542
1 0.959635 0.781250 0.998698 0.781250 0.998698 0.729167 0.959635 0.729167
2 0.096354 0.171875 0.122396 0.171875 0.122396 0.145833 0.096354 0.145833
2 0.343750 0.494792 0.369792 0.494792 0.369792 0.468750 0.343750 0.468750
2 0.420573 0.550781 0.446615 0.550781 0.446615 0.524740 0.420573 0.524740
2 0.842448 0.410156 0.868490 0.410156 0.868490 0.384115 0.842448 0.384115
