0 0.162760 1.000000 0.985677 0.928385 0.988281 0.817708 0.000000 0.904948
1 0.591146 0.988281 0.643229 0.988281 0.643229 0.936198 0.591146 0.936198
1 0.832031 0.444010 0.884115 0.444010 0.884115 0.391927 0.832031 0.391927
1 0.906250 0.096354 0.958333 0.096354 0.958333 0.044271 0.906250 0.044271
1 0.721354 0.087240 0.773438 0.087240 0.773438 0.035156 0.721354 0.035156
1 0.795573 0.027344 0.847656 0.027344 0.847656 0.001302 0.795573 0.001302
2 0.100260 0.743490 0.126302 0.743490 0.126302 0.717448 0.100260 0.717448
2 0.315104 0.488281 0.341146 0.488281 0.341146 0.462240 0.315104 0.462240
2 0.223958 0.053385 0.250000 0.053385 0.250000 0.027344 0.223958 0.027344
2 0.656250 0.510417 0.682292 0.510417 0.682292 0.484375 0.656250 0.484375
2 0.009115 0.595052 0.035156 0.595052 0.035156 0.569010 0.009115 0.569010
