0 0.000000 0.998698 0.000000 0.998698 0.528646 0.998698 0.000000 0.941406
1 0.832031 0.118490 0.884115 0.118490 0.884115 0.066406 0.832031 0.066406
1 0.930990 0.653646 0.983073 0.653646 0.983073 0.601563 0.930990 0.601563
1 0.165365 0.727865 0.217448 0.727865 0.217448 0.675781 0.165365 0.675781
1 0.902344 0.910156 0.954427 0.910156 0.954427 0.858073 0.902344 0.858073
2 0.574219 0.299479 0.600260 0.299479 0.600260 0.273438 0.574219 0.273438
2 0.721354 0.630208 0.747396 0.630208 0.747396 0.604167 0.721354 0.604167
2 0.467448 0.549479 0.493490 0.549479 0.493490 0.523438 0.467448 0.523438
2 0.230469 0.079427 0.256510 0.079427 0.256510 0.053385 0.230469 0.053385
2 0.746094 0.656250 0.772135 0.656250 0.772135 0.630208 0.746094 0.630208
