0 0.000000 0.942708 0.997396 0.907552 0.964844 0.798177 0.000000 0.832031
1 0.901042 0.850260 0.953125 0.850260 0.953125 0.798177 0.901042 0.798177
1 0.170573 0.822917 0.222656 0.822917 0.222656 0.770833 0.170573 0.770833
1 0.035156 0.619792 0.087240 0.619792 0.087240 0.567708 0.035156 0.567708
1 0.175781 0.248698 0.227865 0.248698 0.227865 0.196615 0.175781 0.196615
2 0.225260 0.093750 0.251302 0.093750 0.251302 0.067708 0.225260 0.067708
2 0.220052 0.717448 0.246094 0.717448 0.246094 0.691406 0.220052 0.691406
2 0.247396 0.014323 0.273438 0.014323 0.273438 0.001302 0.247396 0.001302
2 0.798177 0.125000 0.824219 0.125000 0.824219 0.098958 0.798177 0.098958
2 0.281250 0.976562 0.307292 0.976562 0.307292 0.950521 0.281250 0.950521
