0 0.998698 0.406250 0.997396 0.295573 0.000000 0.119792 0.000000 0.230469
1 0.941406 0.421875 0.993490 0.421875 0.993490 0.369792 0.941406 0.369792
1 0.028646 0.342448 0.080729 0.342448 0.080729 0.290365 0.028646 0.290365
1 0.550781 0.539062 0.602865 0.539062 0.602865 0.486979 0.550781 0.486979
1 0.703125 0.998698 0.755208 0.998698 0.755208 0.962240 0.703125 0.962240
2 0.679688 0.983073 0.705729 0.983073 0.705729 0.957031 0.679688 0.957031
2 0.463542 0.125000 0.489583 0.125000 0.489583 0.098958 0.463542 0.098958
2 0.230469 0.692708 0.256510 0.692708 0.256510 0.666667 0.230469 0.666667
2 0.416667 0.539062 0.442708 0.539062 0.442708 0.513021 0.416667 0.513021
2 0.539062 0.429688 0.565104 0.429688 0.565104 0.403646 0.539062 0.403646
2 0.536458 0.906250 0.562500 0.906250 0.562500 0.880208 0.536458 0.880208
