0 0.000000 0.075521 0.975260 0.098958 0.998698 0.000000 0.998698 0.000000
1 0.924479 0.171875 0.976562 0.171875 0.976562 0.119792 0.924479 0.119792
1 0.348958 0.234375 0.401042 0.234375 0.401042 0.182292 0.348958 0.182292
1 0.085938 0.360677 0.138021 0.360677 0.138021 0.308594 0.085938 0.308594
1 0.787760 0.479167 0.839844 0.479167 0.839844 0.427083 0.787760 0.427083
1 0.937500 0.665365 0.989583 0.665365 0.989583 0.613281 0.937500 0.613281
1 0.203125 0.910156 0.255208 0.910156 0.255208 0.858073 0.203125 0.858073
2 0.087240 0.333333 0.113281 0.333333 0.113281 0.307292 0.087240 0.307292
2 0.305990 0.989583 0.332031 0.989583 0.332031 0.963542 0.305990 0.963542
2 0.753906 0.766927 0.779948 0.766927 0.779948 0.740885 0.753906 0.740885
