0 0.505208 0.998698 0.614583 0.986979 0.522135 0.000000 0.411458 0.000000
1 0.369792 0.822917 0.421875 0.822917 0.421875 0.770833 0.369792 0.770833
1 0.490885 0.993490 0.542969 0.993490 0.542969 0.941406 0.490885 0.941406
1 0.529948 0.286458 0.582031 0.286458 0.582031 0.234375 0.529948 0.234375
2 0.151042 0.139323 0.177083 0.139323 0.177083 0.113281 0.151042 0.113281
2 0.643229 0.355469 0.669271 0.355469 0.669271 0.329427 0.643229 0.329427
2 0.105469 0.220052 0.131510 0.220052 0.131510 0.194010 0.105469 0.194010
2 0.622396 0.695312 0.648438 0.695312 0.648438 0.669271 0.622396 0.669271
2 0.669271 0.091146 0.695312 0.091146 0.695312 0.065104 0.669271 0.065104
2 0.282552 0.152344 0.308594 0.152344 0.308594 0.126302 0.282552 0.126302
