0 0.227865 0.994792 0.338542 0.997396 0.253906 0.000000 0.143229 0.000000
1 0.031250 0.248698 0.083333 0.248698 0.083333 0.196615 0.031250 0.196615
1 0.251302 0.989583 0.303385 0.989583 0.303385 0.937500 0.251302 0.937500
1 0.347656 0.902344 0.399740 0.902344 0.399740 0.850260 0.347656 0.850260
1 0.453125 0.893229 0.505208 0.893229 0.505208 0.841146 0.453125 0.841146
1 0.554688 0.884115 0.606771 0.884115 0.606771 0.832031 0.554688 0.832031
1 0.605469 0.540365 0.657552 0.540365 0.657552 0.488281 0.605469 0.488281
1 0.940104 0.484375 0.992188 0.484375 0.992188 0.432292 0.940104 0.432292
2 0.320312 0.566406 0.346354 0.566406 0.346354 0.540365 0.320312 0.540365
2 0.804688 0.734375 0.830729 0.734375 0.830729 0.708333 0.804688 0.708333
2 0.746094 0.947917 0.772135 0.947917 0.772135 0.921875 0.746094 0.921875
2 0.459635 0.032552 0.485677 0.032552 0.485677 0.006510 0.459635 0.006510
