0 0.058594 0.218750 1.000000 0.207031 1.000000 0.096354 0.074219 0.108073
1 0.657552 0.445312 0.709635 0.445312 0.709635 0.393229 0.657552 0.393229
1 0.264323 0.449219 0.316406 0.449219 0.316406 0.397135 0.264323 0.397135
1 0.398438 0.709635 0.450521 0.709635 0.450521 0.657552 0.398438 0.657552
1 0.894531 0.781250 0.946615 0.781250 0.946615 0.729167 0.894531 0.729167
1 0.166667 0.841146 0.218750 0.841146 0.218750 0.789062 0.166667 0.789062
1 0.895833 0.858073 0.947917 0.858073 0.947917 0.805990 0.895833 0.805990
1 0.764323 0.859375 0.816406 0.859375 0.816406 0.807292 0.764323 0.807292
1 0.192708 0.998698 0.244792 0.998698 0.244792 0.971354 0.192708 0.971354
2 0.217448 0.735677 0.243490 0.735677 0.243490 0.709635 0.217448 0.709635
2 0.888021 0.180990 0.914062 0.180990 0.914062 0.154948 0.888021 0.154948
2 0.082031 0.425781 0.108073 0.425781 0.108073 0.399740 0.082031 0.399740
2 0.657552 0.445312 0.683594 0.445312 0.683594 0.419271 0.657552 0.419271
2 0.915365 0.467448 0.941406 0.467448 0.941406 0.441406 0.915365 0.441406
2 0.212240 0.398438 0.238281 0.398438 0.238281 0.372396 0.212240 0.372396
