0 0.000000 0.497396 0.997396 0.398438 0.998698 0.287760 0.000000 0.386719
1 0.119792 0.927083 0.171875 0.927083 0.171875 0.875000 0.119792 0.875000
1 0.326823 0.907552 0.378906 0.907552 0.378906 0.855469 0.326823 0.855469
1 0.477865 0.839844 0.529948 0.839844 0.529948 0.787760 0.477865 0.787760
1 0.735677 0.789062 0.787760 0.789062 0.787760 0.736979 0.735677 0.736979
1 0.061198 0.593750 0.113281 0.593750 0.113281 0.541667 0.061198 0.541667
1 0.268229 0.574219 0.320312 0.574219 0.320312 0.522135 0.268229 0.522135
1 0.235677 0.524740 0.287760 0.524740 0.287760 0.472656 0.235677 0.472656
1 0.772135 0.367188 0.824219 0.367188 0.824219 0.315104 0.772135 0.315104
2 0.235677 0.212240 0.261719 0.212240 0.261719 0.186198 0.235677 0.186198
2 0.973958 0.294271 0.998698 0.294271 0.998698 0.268229 0.973958 0.268229
2 0.191406 0.580729 0.217448 0.580729 0.217448 0.554688 0.191406 0.554688
2 0.769531 0.864583 0.795573 0.864583 0.795573 0.838542 0.769531 0.838542
2 0.710938 0.269531 0.736979 0.269531 0.736979 0.243490 0.710938 0.243490
2 0.139323 0.561198 0.165365 0.561198 0.165365 0.535156 0.139323 0.535156
2 0.279948 0.940104 0.305990 0.940104 0.305990 0.914062 0.279948 0.914062
