0 0.442708 0.996094 0.553385 0.997396 0.407552 0.000000 0.296875 0.000000
1 0.289063 0.893229 0.341146 0.893229 0.341146 0.841146 0.289063 0.841146
1 0.515625 0.281250 0.567708 0.281250 0.567708 0.229167 0.515625 0.229167
1 0.611979 0.398438 0.664062 0.398438 0.664062 0.346354 0.611979 0.346354
1 0.731771 0.144531 0.783854 0.144531 0.783854 0.092448 0.731771 0.092448
1 0.783854 0.136719 0.835938 0.136719 0.835938 0.084635 0.783854 0.084635
1 0.868490 0.703125 0.920573 0.703125 0.920573 0.651042 0.868490 0.651042
1 0.924479 0.381510 0.976562 0.381510 0.976562 0.329427 0.924479 0.329427
2 0.683594 0.154948 0.709635 0.154948 0.709635 0.128906 0.683594 0.128906
2 0.102865 0.135417 0.128906 0.135417 0.128906 0.109375 0.102865 0.109375
2 0.753906 0.091146 0.779948 0.091146 0.779948 0.065104 0.753906 0.065104
