0 1.000000 0.569010 1.000000 0.458333 0.001302 0.338542 0.002604 0.449219
1 0.121094 0.404948 0.173177 0.404948 0.173177 0.352865 0.121094 0.352865
1 0.611979 0.253906 0.664062 0.253906 0.664062 0.201823 0.611979 0.201823
2 0.020833 0.575521 0.046875 0.575521 0.046875 0.549479 0.020833 0.549479
2 0.080729 0.083333 0.106771 0.083333 0.106771 0.057292 0.080729 0.057292
2 0.847656 0.018229 0.873698 0.018229 0.873698 0.001302 0.847656 0.001302
2 0.039062 0.210938 0.065104 0.210938 0.065104 0.184896 0.039062 0.184896
2 0.826823 0.856771 0.852865 0.856771 0.852865 0.830729 0.826823 0.830729
2 0.231771 0.785156 0.257812 0.785156 0.257812 0.759115 0.231771 0.759115
2 0.044271 0.369792 0.070312 0.369792 0.070312 0.343750 0.044271 0.343750
2 0.927083 0.238281 0.953125 0.238281 0.953125 0.212240 0.927083 0.212240
