0 0.272135 0.992188 0.382812 0.990885 0.492188 0.000000 0.381510 0.000000
1 0.829427 0.170573 0.881510 0.170573 0.881510 0.118490 0.829427 0.118490
1 0.740885 0.736979 0.792969 0.736979 0.792969 0.684896 0.740885 0.684896
1 0.411458 0.622396 0.463542 0.622396 0.463542 0.570312 0.411458 0.570312
1 0.393229 0.070312 0.445313 0.070312 0.445313 0.018229 0.393229 0.018229
2 0.156250 0.307292 0.182292 0.307292 0.182292 0.281250 0.156250 0.281250
2 0.002604 0.996094 0.028646 0.996094 0.028646 0.970052 0.002604 0.970052
2 0.611979 0.930990 0.638021 0.930990 0.638021 0.904948 0.611979 0.904948
2 0.855469 0.147135 0.881510 0.147135 0.881510 0.121094 0.855469 0.121094
2 0.580729 0.274740 0.606771 0.274740 0.606771 0.248698 0.580729 0.248698
2 0.055990 0.269531 0.082031 0.269531 0.082031 0.243490 0.055990 0.243490
