0 0.419271 0.998698 0.529948 0.997396 0.700521 0.000000 0.589844 0.000000
1 0.911458 0.283854 0.963542 0.283854 0.963542 0.231771 0.911458 0.231771
1 0.759115 0.998698 0.811198 0.998698 0.811198 0.970052 0.759115 0.970052
1 0.606771 0.363281 0.658854 0.363281 0.658854 0.311198 0.606771 0.311198
1 0.446615 0.996094 0.498698 0.996094 0.498698 0.944010 0.446615 0.944010
1 0.294271 0.812500 0.346354 0.812500 0.346354 0.760417 0.294271 0.760417
1 0.259115 0.382812 0.311198 0.382812 0.311198 0.330729 0.259115 0.330729
2 0.050781 0.371094 0.076823 0.371094 0.076823 0.345052 0.050781 0.345052
2 0.921875 0.838542 0.947917 0.838542 0.947917 0.812500 0.921875 0.812500
2 0.087240 0.773438 0.113281 0.773438 0.113281 0.747396 0.087240 0.747396
2 0.604167 0.069010 0.630208 0.069010 0.630208 0.042969 0.604167 0.042969
2 0.298177 0.467448 0.324219 0.467448 0.324219 0.441406 0.298177 0.441406
