0 0.000000 0.479167 0.975260 0.494792 0.963542 0.384115 0.000000 0.368490
1 0.580729 0.292969 0.632812 0.292969 0.632812 0.240885 0.580729 0.240885
1 0.425781 0.342448 0.477865 0.342448 0.477865 0.290365 0.425781 0.290365
1 0.761719 0.399740 0.813802 0.399740 0.813802 0.347656 0.761719 0.347656
1 0.708333 0.529948 0.760417 0.529948 0.760417 0.477865 0.708333 0.477865
1 0.055990 0.570312 0.108073 0.570312 0.108073 0.518229 0.055990 0.518229
1 0.417969 0.707031 0.470052 0.707031 0.470052 0.654948 0.417969 0.654948
2 0.033854 0.309896 0.059896 0.309896 0.059896 0.283854 0.033854 0.283854
2 0.414062 0.940104 0.440104 0.940104 0.440104 0.914062 0.414062 0.914062
2 0.944010 0.351563 0.970052 0.351563 0.970052 0.325521 0.944010 0.325521
2 0.450521 0.291667 0.476562 0.291667 0.476562 0.265625 0.450521 0.265625
2 0.259115 0.782552 0.285156 0.782552 0.285156 0.756510 0.259115 0.756510
2 0.269531 0.158854 0.295573 0.158854 0.295573 0.132812 0.269531 0.132812
2 0.941406 0.505208 0.967448 0.505208 0.967448 0.479167 0.941406 0.479167
