0 0.101562 1.000000 0.212240 1.000000 0.109375 0.001302 0.001302 0.024740
1 0.838542 0.252604 0.890625 0.252604 0.890625 0.200521 0.838542 0.200521
1 0.662760 0.322917 0.714844 0.322917 0.714844 0.270833 0.662760 0.270833
1 0.446615 0.765625 0.498698 0.765625 0.498698 0.713542 0.446615 0.713542
1 0.248698 0.890625 0.300781 0.890625 0.300781 0.838542 0.248698 0.838542
2 0.354167 0.880208 0.380208 0.880208 0.380208 0.854167 0.354167 0.854167
2 0.240885 0.527344 0.266927 0.527344 0.266927 0.501302 0.240885 0.501302
2 0.346354 0.278646 0.372396 0.278646 0.372396 0.252604 0.346354 0.252604
2 0.158854 0.743490 0.184896 0.743490 0.184896 0.717448 0.158854 0.717448
2 0.843750 0.045573 0.869792 0.045573 0.869792 0.019531 0.843750 0.019531
