0 0.990885 0.201823 0.989583 0.091146 0.197917 0.000000 0.000000 0.087240
1 0.707031 0.316406 0.759115 0.316406 0.759115 0.264323 0.707031 0.264323
1 0.863281 0.334635 0.915365 0.334635 0.915365 0.282552 0.863281 0.282552
1 0.122396 0.378906 0.174479 0.378906 0.174479 0.326823 0.122396 0.326823
1 0.161458 0.962240 0.213542 0.962240 0.213542 0.910156 0.161458 0.910156
2 0.087240 0.453125 0.113281 0.453125 0.113281 0.427083 0.087240 0.427083
2 0.522135 0.320312 0.548177 0.320312 0.548177 0.294271 0.522135 0.294271
2 0.527344 0.503906 0.553385 0.503906 0.553385 0.477865 0.527344 0.477865
2 0.649740 0.334635 0.675781 0.334635 0.675781 0.308594 0.649740 0.308594
2 0.863281 0.541667 0.889323 0.541667 0.889323 0.515625 0.863281 0.515625
