0 0.011719 0.182292 1.000000 0.095052 0.837240 0.000000 0.014323 0.071615
1 0.356771 0.063802 0.408854 0.063802 0.408854 0.011719 0.356771 0.011719
1 0.115885 0.608073 0.167969 0.608073 0.167969 0.555990 0.115885 0.555990
1 0.041667 0.955729 0.093750 0.955729 0.093750 0.903646 0.041667 0.903646
1 0.226563 0.964844 0.278646 0.964844 0.278646 0.912760 0.226563 0.912760
1 0.152344 0.998698 0.204427 0.998698 0.204427 0.972656 0.152344 0.972656
2 0.873698 0.282552 0.899740 0.282552 0.899740 0.256510 0.873698 0.256510
2 0.658854 0.537760 0.684896 0.537760 0.684896 0.511719 0.658854 0.511719
2 0.750000 0.972656 0.776042 0.972656 0.776042 0.946615 0.750000 0.946615
2 0.317708 0.515625 0.343750 0.515625 0.343750 0.489583 0.317708 0.489583
2 0.964844 0.430990 0.990885 0.430990 0.990885 0.404948 0.964844 0.404948
