0 0.455729 0.984375 0.566406 0.980469 0.610677 0.000000 0.500000 0.000000
1 0.895833 0.998698 0.947917 0.998698 0.947917 0.960938 0.895833 0.960938
1 0.361979 0.730469 0.414062 0.730469 0.414062 0.678385 0.361979 0.678385
1 0.335938 0.127604 0.388021 0.127604 0.388021 0.075521 0.335938 0.075521
1 0.283854 0.098958 0.335938 0.098958 0.335938 0.046875 0.283854 0.046875
2 0.341146 0.572917 0.367188 0.572917 0.367188 0.546875 0.341146 0.546875
2 0.272135 0.386719 0.298177 0.386719 0.298177 0.360677 0.272135 0.360677
2 0.819010 0.410156 0.845052 0.410156 0.845052 0.384115 0.819010 0.384115
2 0.233073 0.096354 0.259115 0.096354 0.259115 0.070312 0.233073 0.070312
2 0.805990 0.122396 0.832031 0.122396 0.832031 0.096354 0.805990 0.096354
2 0.388021 0.128906 0.414063 0.128906 0.414063 0.102865 0.388021 0.102865
2 0.809896 0.591146 0.835938 0.591146 0.835938 0.565104 0.809896 0.565104
2 0.109375 0.536458 0.135417 0.536458 0.135417 0.510417 0.109375 0.510417
