0 0.000000 0.283854 0.989583 0.380208 0.986979 0.269531 0.000000 0.173177
1 0.361979 0.042969 0.414063 0.042969 0.414063 0.000000 0.361979 0.000000
1 0.096354 0.097656 0.148438 0.097656 0.148438 0.045573 0.096354 0.045573
1 0.496094 0.290365 0.548177 0.290365 0.548177 0.238281 0.496094 0.238281
1 0.549479 0.558594 0.601562 0.558594 0.601562 0.506510 0.549479 0.506510
1 0.462240 0.630208 0.514323 0.630208 0.514323 0.578125 0.462240 0.578125
1 0.324219 0.721354 0.376302 0.721354 0.376302 0.669271 0.324219 0.669271
1 0.425781 0.730469 0.477865 0.730469 0.477865 0.678385 0.425781 0.678385
2 0.192708 0.707031 0.218750 0.707031 0.218750 0.680990 0.192708 0.680990
2 0.436198 0.076823 0.462240 0.076823 0.462240 0.050781 0.436198 0.050781
2 0.253906 0.608073 0.279948 0.608073 0.279948 0.582031 0.253906 0.582031
2 0.345052 0.225260 0.371094 0.225260 0.371094 0.199219 0.345052 0.199219
2 0.735677 0.497396 0.761719 0.497396 0.761719 0.471354 0.735677 0.471354
2 0.201823 0.339844 0.227865 0.339844 0.227865 0.313802 0.201823 0.313802
2 0.723958 0.914062 0.750000 0.914062 0.750000 0.888021 0.723958 0.888021
