0 0.000000 0.716146 0.984375 0.760417 0.980469 0.649740 0.000000 0.605469
1 0.848958 0.881510 0.901042 0.881510 0.901042 0.829427 0.848958 0.829427
1 0.036458 0.973958 0.088542 0.973958 0.088542 0.921875 0.036458 0.921875
2 0.493490 0.656250 0.519531 0.656250 0.519531 0.630208 0.493490 0.630208
2 0.174479 0.824219 0.200521 0.824219 0.200521 0.798177 0.174479 0.798177
2 0.375000 0.988281 0.401042 0.988281 0.401042 0.962240 0.375000 0.962240
2 0.649740 0.062500 0.675781 0.062500 0.675781 0.036458 0.649740 0.036458
2 0.044271 0.794271 0.070312 0.794271 0.070312 0.768229 0.044271 0.768229
2 0.352865 0.884115 0.378906 0.884115 0.378906 0.858073 0.352865 0.858073
2 0.535156 0.893229 0.561198 0.893229 0.561198 0.867188 0.535156 0.867188
