0 0.000000 0.898438 0.975260 0.998698 0.998698 0.890625 0.000000 0.787760
1 0.747396 0.161458 0.799479 0.161458 0.799479 0.109375 0.747396 0.109375
1 0.677083 0.337240 0.729167 0.337240 0.729167 0.285156 0.677083 0.285156
1 0.234375 0.553385 0.286458 0.553385 0.286458 0.501302 0.234375 0.501302
1 0.109375 0.751302 0.161458 0.751302 0.161458 0.699219 0.109375 0.699219
2 0.119792 0.645833 0.145833 0.645833 0.145833 0.619792 0.119792 0.619792
2 0.472656 0.759115 0.498698 0.759115 0.498698 0.733073 0.472656 0.733073
2 0.721354 0.653646 0.747396 0.653646 0.747396 0.627604 0.721354 0.627604
2 0.256510 0.841146 0.282552 0.841146 0.282552 0.815104 0.256510 0.815104
2 0.954427 0.156250 0.980469 0.156250 0.980469 0.130208 0.954427 0.130208
