0 0.727865 1.000000 0.838542 1.000000 0.843750 0.165365 0.733073 0.201823
1 0.552083 0.553385 0.604167 0.553385 0.604167 0.501302 0.552083 0.501302
1 0.683594 0.110677 0.735677 0.110677 0.735677 0.058594 0.683594 0.058594
1 0.813802 0.214844 0.865885 0.214844 0.865885 0.162760 0.813802 0.162760
1 0.889323 0.631510 0.941406 0.631510 0.941406 0.579427 0.889323 0.579427
1 0.968750 0.346354 0.998698 0.346354 0.998698 0.294271 0.968750 0.294271
2 0.291667 0.317708 0.317708 0.317708 0.317708 0.291667 0.291667 0.291667
2 0.447917 0.397135 0.473958 0.397135 0.473958 0.371094 0.447917 0.371094
2 0.888021 0.972656 0.914062 0.972656 0.914062 0.946615 0.888021 0.946615
2 0.631510 0.292969 0.657552 0.292969 0.657552 0.266927 0.631510 0.266927
2 0.240885 0.317708 0.266927 0.317708 0.266927 0.291667 0.240885 0.291667
2 0.473958 0.083333 0.500000 0.083333 0.500000 0.057292 0.473958 0.057292
