0 0.000000 0.429687 0.990885 0.505208 0.988281 0.394531 0.000000 0.319010
1 0.266927 0.145833 0.319010 0.145833 0.319010 0.093750 0.266927 0.093750
1 0.648438 0.278646 0.700521 0.278646 0.700521 0.226562 0.648438 0.226562
1 0.880208 0.661458 0.932292 0.661458 0.932292 0.609375 0.880208 0.609375
1 0.390625 0.937500 0.442708 0.937500 0.442708 0.885417 0.390625 0.885417
1 0.442708 0.940104 0.494792 0.940104 0.494792 0.888021 0.442708 0.888021
2 0.817708 0.446615 0.843750 0.446615 0.843750 0.420573 0.817708 0.420573
2 0.368490 0.516927 0.394531 0.516927 0.394531 0.490885 0.368490 0.490885
2 0.096354 0.653646 0.122396 0.653646 0.122396 0.627604 0.096354 0.627604
2 0.006510 0.463542 0.032552 0.463542 0.032552 0.437500 0.006510 0.437500
2 0.475260 0.812500 0.501302 0.812500 0.501302 0.786458 0.475260 0.786458
2 0.544271 0.946615 0.570312 0.946615 0.570312 0.920573 0.544271 0.920573
2 0.507812 0.397135 0.533854 0.397135 0.533854 0.371094 0.507812 0.371094
2 0.759115 0.180990 0.785156 0.180990 0.785156 0.154948 0.759115 0.154948
