0 0.997396 0.553385 0.996094 0.442708 0.000000 0.296875 0.000000 0.407552
1 0.841146 0.341146 0.893229 0.341146 0.893229 0.289062 0.841146 0.289062
1 0.229167 0.567708 0.281250 0.567708 0.281250 0.515625 0.229167 0.515625
1 0.346354 0.664062 0.398438 0.664062 0.398438 0.611979 0.346354 0.611979
1 0.092448 0.783854 0.144531 0.783854 0.144531 0.731771 0.092448 0.731771
1 0.084635 0.835938 0.136719 0.835938 0.136719 0.783854 0.084635 0.783854
1 0.651042 0.920573 0.703125 0.920573 0.703125 0.868490 0.651042 0.868490
1 0.329427 0.976562 0.381510 0.976562 0.381510 0.924479 0.329427 0.924479
2 0.128906 0.709635 0.154948 0.709635 0.154948 0.683594 0.128906 0.683594
2 0.109375 0.128906 0.135417 0.128906 0.135417 0.102865 0.109375 0.102865
2 0.065104 0.779948 0.091146 0.779948 0.091146 0.753906 0.065104 0.753906
