0 0.454427 0.977865 0.565104 0.980469 0.514323 0.000000 0.403646 0.000000
1 0.415365 0.946615 0.467448 0.946615 0.467448 0.894531 0.415365 0.894531
1 0.639323 0.700521 0.691406 0.700521 0.691406 0.648438 0.639323 0.648438
1 0.736979 0.067708 0.789062 0.067708 0.789062 0.015625 0.736979 0.015625
1 0.750000 0.354167 0.802083 0.354167 0.802083 0.302083 0.750000 0.302083
1 0.760417 0.536458 0.812500 0.536458 0.812500 0.484375 0.760417 0.484375
1 0.919271 0.582031 0.971354 0.582031 0.971354 0.529948 0.919271 0.529948
2 0.757812 0.485677 0.783854 0.485677 0.783854 0.459635 0.757812 0.459635
2 0.725260 0.356771 0.751302 0.356771 0.751302 0.330729 0.725260 0.330729
2 0.854167 0.820312 0.880208 0.820312 0.880208 0.794271 0.854167 0.794271
2 0.730469 0.460937 0.756510 0.460937 0.756510 0.434896 0.730469 0.434896
2 0.686198 0.097656 0.712240 0.097656 0.712240 0.071615 0.686198 0.071615
2 0.128906 0.933594 0.154948 0.933594 0.154948 0.907552 0.128906 0.907552
