0 0.000000 0.893229 0.985677 0.832031 0.989583 0.721354 0.000000 0.782552
1 0.761719 1.000000 0.813802 1.000000 0.813802 0.951823 0.761719 0.951823
1 0.837240 0.921875 0.889323 0.921875 0.889323 0.869792 0.837240 0.869792
1 0.101562 0.837240 0.153646 0.837240 0.153646 0.785156 0.101562 0.785156
1 0.126302 0.834635 0.178385 0.834635 0.178385 0.782552 0.126302 0.782552
1 0.253906 0.774740 0.305990 0.774740 0.305990 0.722656 0.253906 0.722656
1 0.954427 0.733073 0.998698 0.733073 0.998698 0.680990 0.954427 0.680990
1 0.861979 0.476562 0.914062 0.476562 0.914062 0.424479 0.861979 0.424479
2 0.087240 0.186198 0.113281 0.186198 0.113281 0.160156 0.087240 0.160156
2 0.480469 0.631510 0.506510 0.631510 0.506510 0.605469 0.480469 0.605469
2 0.428385 0.634115 0.454427 0.634115 0.454427 0.608073 0.428385 0.608073
2 0.335938 0.406250 0.361979 0.406250 0.361979 0.380208 0.335938 0.380208
