0 0.710938 0.989583 0.821615 0.986979 0.881510 0.000000 0.770833 0.000000
1 0.970052 0.529948 1.000000 0.529948 1.000000 0.477865 0.970052 0.477865
1 0.916667 0.994792 0.968750 0.994792 0.968750 0.942708 0.916667 0.942708
1 0.766927 0.882812 0.819010 0.882812 0.819010 0.830729 0.766927 0.830729
1 0.686198 0.459635 0.738281 0.459635 0.738281 0.407552 0.686198 0.407552
1 0.348958 0.884115 0.401042 0.884115 0.401042 0.832031 0.348958 0.832031
1 0.054688 0.578125 0.106771 0.578125 0.106771 0.526042 0.054688 0.526042
2 0.071615 0.709635 0.097656 0.709635 0.097656 0.683594 0.071615 0.683594
2 0.917969 0.967448 0.944010 0.967448 0.944010 0.941406 0.917969 0.941406
2 0.028646 0.550781 0.054688 0.550781 0.054688 0.524740 0.028646 0.524740
2 0.865885 0.078125 0.891927 0.078125 0.891927 0.052083 0.865885 0.052083
2 0.130208 0.608073 0.156250 0.608073 0.156250 0.582031 0.130208 0.582031
2 0.001302 0.600260 0.026042 0.600260 0.026042 0.574219 0.001302 0.574219
2 0.446615 0.130208 0.472656 0.130208 0.472656 0.104167 0.446615 0.104167
