0 0.675781 1.000000 0.786458 1.000000 0.873698 0.006510 0.763021 0.007812
1 0.088542 0.727865 0.140625 0.727865 0.140625 0.675781 0.088542 0.675781
1 0.161458 0.500000 0.213542 0.500000 0.213542 0.447917 0.161458 0.447917
1 0.221354 0.425781 0.273438 0.425781 0.273438 0.373698 0.221354 0.373698
1 0.355469 0.673177 0.407552 0.673177 0.407552 0.621094 0.355469 0.621094
2 0.320312 0.460938 0.346354 0.460938 0.346354 0.434896 0.320312 0.434896
2 0.188802 0.475260 0.214844 0.475260 0.214844 0.449219 0.188802 0.449219
2 0.419271 0.835938 0.445312 0.835938 0.445312 0.809896 0.419271 0.809896
2 0.966146 0.856771 0.992188 0.856771 0.992188 0.830729 0.966146 0.830729
2 0.347656 0.149740 0.373698 0.149740 0.373698 0.123698 0.347656 0.123698
