0 0.437500 1.000000 0.548177 1.000000 0.596354 0.022135 0.485677 0.026042
1 0.046875 0.166667 0.098958 0.166667 0.098958 0.114583 0.046875 0.114583
1 0.186198 0.539062 0.238281 0.539062 0.238281 0.486979 0.186198 0.486979
1 0.484375 0.813802 0.536458 0.813802 0.536458 0.761719 0.484375 0.761719
1 0.489583 0.735677 0.541667 0.735677 0.541667 0.683594 0.489583 0.683594
1 0.835938 0.049479 0.888021 0.049479 0.888021 0.001302 0.835938 0.001302
1 0.934896 0.680990 0.986979 0.680990 0.986979 0.628906 0.934896 0.628906
1 0.960938 0.680990 0.998698 0.680990 0.998698 0.628906 0.960938 0.628906
2 0.611979 0.325521 0.638021 0.325521 0.638021 0.299479 0.611979 0.299479
2 0.703125 0.615885 0.729167 0.615885 0.729167 0.589844 0.703125 0.589844
