0 0.001302 0.843750 1.000000 0.795573 1.000000 0.684896 0.005208 0.733073
1 0.113281 0.048177 0.165365 0.048177 0.165365 0.000000 0.113281 0.000000
1 0.037760 0.649740 0.089844 0.649740 0.089844 0.597656 0.037760 0.597656
1 0.953125 0.686198 1.000000 0.686198 1.000000 0.634115 0.953125 0.634115
1 0.207031 0.902344 0.259115 0.902344 0.259115 0.850260 0.207031 0.850260
1 0.467448 0.915365 0.519531 0.915365 0.519531 0.863281 0.467448 0.863281
2 0.574219 0.416667 0.600260 0.416667 0.600260 0.390625 0.574219 0.390625
2 0.839844 0.483073 0.865885 0.483073 0.865885 0.457031 0.839844 0.457031
2 0.464844 0.838542 0.490885 0.838542 0.490885 0.812500 0.464844 0.812500
2 0.368490 0.998698 0.394531 0.998698 0.394531 0.975260 0.368490 0.975260
2 0.908854 0.295573 0.934896 0.295573 0.934896 0.269531 0.908854 0.269531
2 0.946615 0.555990 0.972656 0.555990 0.972656 0.529948 0.946615 0.529948
2 0.671875 0.828125 0.697917 0.828125 0.697917 0.802083 0.671875 0.802083
2 0.205729 0.355469 0.231771 0.355469 0.231771 0.329427 0.205729 0.329427
