0 0.322917 0.996094 0.433594 0.997396 0.270833 0.000000 0.161458 0.000000
1 0.063802 0.776042 0.115885 0.776042 0.115885 0.723958 0.063802 0.723958
1 0.121094 0.951823 0.173177 0.951823 0.173177 0.899740 0.121094 0.899740
1 0.109375 0.558594 0.161458 0.558594 0.161458 0.506510 0.109375 0.506510
1 0.317708 0.867188 0.369792 0.867188 0.369792 0.815104 0.317708 0.815104
1 0.493490 0.970052 0.545573 0.970052 0.545573 0.917969 0.493490 0.917969
1 0.634115 0.367188 0.686198 0.367188 0.686198 0.315104 0.634115 0.315104
1 0.653646 0.494792 0.705729 0.494792 0.705729 0.442708 0.653646 0.442708
1 0.791667 0.367188 0.843750 0.367188 0.843750 0.315104 0.791667 0.315104
2 0.247396 0.591146 0.273438 0.591146 0.273438 0.565104 0.247396 0.565104
2 0.135417 0.713542 0.161458 0.713542 0.161458 0.687500 0.135417 0.687500
2 0.180990 0.179688 0.207031 0.179688 0.207031 0.153646 0.180990 0.153646
