0 0.055990 0.989583 0.166667 0.985677 0.234375 -0.000000 0.123698 -0.000000
1 0.890625 0.552083 0.942708 0.552083 0.942708 0.500000 0.890625 0.500000
1 0.735677 0.516927 0.787760 0.516927 0.787760 0.464844 0.735677 0.464844
1 0.661458 0.458333 0.713542 0.458333 0.713542 0.406250 0.661458 0.406250
1 0.464844 0.289062 0.516927 0.289062 0.516927 0.236979 0.464844 0.236979
1 0.324219 0.437500 0.376302 0.437500 0.376302 0.385417 0.324219 0.385417
1 0.244792 0.458333 0.296875 0.458333 0.296875 0.406250 0.244792 0.406250
2 0.593750 0.272135 0.619792 0.272135 0.619792 0.246094 0.593750 0.246094
2 0.460938 0.707031 0.486979 0.707031 0.486979 0.680990 0.460938 0.680990
2 0.945312 0.087240 0.971354 0.087240 0.971354 0.061198 0.945312 0.061198
2 0.923177 0.058594 0.949219 0.058594 0.949219 0.032552 0.923177 0.032552
2 0.583333 0.062500 0.609375 0.062500 0.609375 0.036458 0.583333 0.036458
2 0.742188 0.412760 0.768229 0.412760 0.768229 0.386719 0.742188 0.386719
2 0.893229 0.109375 0.919271 0.109375 0.919271 0.083333 0.893229 0.083333
2 0.428385 0.781250 0.454427 0.781250 0.454427 0.755208 0.428385 0.755208
