0 0.001302 0.692708 0.105469 -0.000000 0.001302 -0.000000 0.001302 -0.000000
1 0.833333 0.763021 0.885417 0.763021 0.885417 0.710938 0.833333 0.710938
1 0.710938 0.533854 0.763021 0.533854 0.763021 0.481771 0.710938 0.481771
1 0.425781 0.148438 0.477865 0.148438 0.477865 0.096354 0.425781 0.096354
1 0.375000 0.484375 0.427083 0.484375 0.427083 0.432292 0.375000 0.432292
1 0.096354 0.416667 0.148438 0.416667 0.148438 0.364583 0.096354 0.364583
1 0.093750 0.442708 0.145833 0.442708 0.145833 0.390625 0.093750 0.390625
1 0.001302 0.980469 0.039062 0.980469 0.039062 0.928385 0.001302 0.928385
2 0.282552 0.390625 0.308594 0.390625 0.308594 0.364583 0.282552 0.364583
2 0.308594 0.393229 0.334635 0.393229 0.334635 0.367188 0.308594 0.367188
2 0.600260 0.199219 0.626302 0.199219 0.626302 0.173177 0.600260 0.173177
2 0.558594 0.298177 0.584635 0.298177 0.584635 0.272135 0.558594 0.272135
2 0.347656 0.998698 0.373698 0.998698 0.373698 0.979167 0.347656 0.979167
2 0.272135 0.097656 0.298177 0.097656 0.298177 0.071615 0.272135 0.071615
2 0.832031 0.944010 0.858073 0.944010 0.858073 0.917969 0.832031 0.917969
