0 0.324219 1.000000 0.433594 1.000000 0.524740 0.007812 0.414062 0.009115
1 0.000000 0.481771 0.033854 0.481771 0.033854 0.429688 0.000000 0.429688
1 0.000000 0.742188 0.035156 0.742188 0.035156 0.690104 0.000000 0.690104
1 0.819010 0.766927 0.871094 0.766927 0.871094 0.714844 0.819010 0.714844
2 0.480469 0.135417 0.506510 0.135417 0.506510 0.109375 0.480469 0.109375
2 0.473958 0.210938 0.500000 0.210938 0.500000 0.184896 0.473958 0.184896
2 0.690104 0.415365 0.716146 0.415365 0.716146 0.389323 0.690104 0.389323
2 0.733073 0.811198 0.759115 0.811198 0.759115 0.785156 0.733073 0.785156
2 0.016927 0.066406 0.042969 0.066406 0.042969 0.040365 0.016927 0.040365
2 0.324219 0.432292 0.350260 0.432292 0.350260 0.406250 0.324219 0.406250
