0 0.997396 0.610677 0.996094 0.500000 0.000000 0.339844 0.000000 0.450521
1 0.308594 0.076823 0.360677 0.076823 0.360677 0.024740 0.308594 0.024740
1 0.873698 0.166667 0.925781 0.166667 0.925781 0.114583 0.873698 0.114583
1 0.375000 0.140625 0.427083 0.140625 0.427083 0.088542 0.375000 0.088542
1 0.132812 0.180990 0.184896 0.180990 0.184896 0.128906 0.132812 0.128906
1 0.644531 0.605469 0.696615 0.605469 0.696615 0.553385 0.644531 0.553385
1 0.692708 0.799479 0.744792 0.799479 0.744792 0.747396 0.692708 0.747396
2 0.479167 0.815104 0.505208 0.815104 0.505208 0.789062 0.479167 0.789062
2 0.584635 0.803385 0.610677 0.803385 0.610677 0.777344 0.584635 0.777344
2 0.540365 0.588542 0.566406 0.588542 0.566406 0.562500 0.540365 0.562500
2 0.348958 0.292969 0.375000 0.292969 0.375000 0.266927 0.348958 0.266927
2 0.718750 0.298177 0.744792 0.298177 0.744792 0.272135 0.718750 0.272135
