0 0.000000 0.368490 0.985677 0.451823 0.998698 0.342448 0.000000 0.257812
1 0.930990 0.040365 0.983073 0.040365 0.983073 0.000000 0.930990 0.000000
1 0.592448 0.666667 0.644531 0.666667 0.644531 0.614583 0.592448 0.614583
1 0.763021 0.811198 0.815104 0.811198 0.815104 0.759115 0.763021 0.759115
2 0.875000 0.687500 0.901042 0.687500 0.901042 0.661458 0.875000 0.661458
2 0.328125 0.998698 0.354167 0.998698 0.354167 0.983073 0.328125 0.983073
2 0.000000 0.877604 0.024740 0.877604 0.024740 0.851562 0.000000 0.851562
2 0.022135 0.904948 0.048177 0.904948 0.048177 0.878906 0.022135 0.878906
2 0.325521 0.093750 0.351563 0.093750 0.351563 0.067708 0.325521 0.067708
2 0.812500 0.500000 0.838542 0.500000 0.838542 0.473958 0.812500 0.473958
2 0.976562 0.121094 0.998698 0.121094 0.998698 0.095052 0.976562 0.095052
2 0.708333 0.518229 0.734375 0.518229 0.734375 0.492188 0.708333 0.492188
