0 0.691406 1.000000 0.802083 1.000000 0.967448 0.006510 0.856771 0.007812
1 0.177083 0.397135 0.229167 0.397135 0.229167 0.345052 0.177083 0.345052
1 0.313802 0.052083 0.365885 0.052083 0.365885 0.001302 0.313802 0.001302
1 0.350260 0.321615 0.402344 0.321615 0.402344 0.269531 0.350260 0.269531
1 0.747396 0.466146 0.799479 0.466146 0.799479 0.414063 0.747396 0.414062
1 0.964844 0.583333 0.998698 0.583333 0.998698 0.531250 0.964844 0.531250
2 0.398438 0.167969 0.424479 0.167969 0.424479 0.141927 0.398438 0.141927
2 0.233073 0.695312 0.259115 0.695312 0.259115 0.669271 0.233073 0.669271
2 0.669271 0.928385 0.695312 0.928385 0.695312 0.902344 0.669271 0.902344
2 0.106771 0.649740 0.132812 0.649740 0.132812 0.623698 0.106771 0.623698
2 0.798177 0.631510 0.824219 0.631510 0.824219 0.605469 0.798177 0.605469
2 0.958333 0.289062 0.984375 0.289062 0.984375 0.263021 0.958333 0.263021
2 0.269531 0.464844 0.295573 0.464844 0.295573 0.438802 0.269531 0.438802
