0 0.014323 0.141927 1.000000 0.070312 0.447917 0.000000 0.016927 0.031250
1 0.425781 0.945312 0.477865 0.945312 0.477865 0.893229 0.425781 0.893229
2 0.105469 0.813802 0.131510 0.813802 0.131510 0.787760 0.105469 0.787760
2 0.182292 0.442708 0.208333 0.442708 0.208333 0.416667 0.182292 0.416667
2 0.251302 0.307292 0.277344 0.307292 0.277344 0.281250 0.251302 0.281250
2 0.091146 0.631510 0.117188 0.631510 0.117188 0.605469 0.091146 0.605469
2 0.464844 0.369792 0.490885 0.369792 0.490885 0.343750 0.464844 0.343750
2 0.865885 0.160156 0.891927 0.160156 0.891927 0.134115 0.865885 0.134115
2 0.033854 0.559896 0.059896 0.559896 0.059896 0.533854 0.033854 0.533854
2 0.500000 0.132812 0.526042 0.132812 0.526042 0.106771 0.500000 0.106771
