0 0.036458 0.257812 1.000000 0.291667 1.000000 0.180990 0.029948 0.147135
1 0.381510 0.914062 0.433594 0.914062 0.433594 0.861979 0.381510 0.861979
1 0.048177 0.796875 0.100260 0.796875 0.100260 0.744792 0.048177 0.744792
1 0.023438 0.718750 0.075521 0.718750 0.075521 0.666667 0.023438 0.666667
1 0.212240 0.596354 0.264323 0.596354 0.264323 0.544271 0.212240 0.544271
1 0.557292 0.425781 0.609375 0.425781 0.609375 0.373698 0.557292 0.373698
1 0.140625 0.384115 0.192708 0.384115 0.192708 0.332031 0.140625 0.332031
1 0.716146 0.326823 0.768229 0.326823 0.768229 0.274740 0.716146 0.274740
2 0.726562 0.769531 0.752604 0.769531 0.752604 0.743490 0.726562 0.743490
2 0.326823 0.989583 0.352865 0.989583 0.352865 0.963542 0.326823 0.963542
2 0.673177 0.039062 0.699219 0.039062 0.699219 0.013021 0.673177 0.013021
2 0.877604 0.930990 0.903646 0.930990 0.903646 0.904948 0.877604 0.904948
