0 0.018229 0.115885 1.000000 0.055990 0.108073 0.000000 0.022135 0.005208
1 0.627604 0.048177 0.679688 0.048177 0.679688 0.000000 0.627604 0.000000
1 0.871094 0.190104 0.923177 0.190104 0.923177 0.138021 0.871094 0.138021
1 0.407552 0.269531 0.459635 0.269531 0.459635 0.217448 0.407552 0.217448
1 0.790365 0.585938 0.842448 0.585938 0.842448 0.533854 0.790365 0.533854
1 0.846354 0.634115 0.898438 0.634115 0.898438 0.582031 0.846354 0.582031
1 0.821615 0.635417 0.873698 0.635417 0.873698 0.583333 0.821615 0.583333
2 0.473958 0.500000 0.500000 0.500000 0.500000 0.473958 0.473958 0.473958
2 0.636719 0.621094 0.662760 0.621094 0.662760 0.595052 0.636719 0.595052
2 0.541667 0.757812 0.567708 0.757812 0.567708 0.731771 0.541667 0.731771
2 0.438802 0.763021 0.464844 0.763021 0.464844 0.736979 0.438802 0.736979
2 0.759115 0.899740 0.785156 0.899740 0.785156 0.873698 0.759115 0.873698
