0 0.013021 0.989583 0.123698 0.986979 0.190104 -0.000000 0.079427 -0.000000
1 0.928385 0.765625 0.980469 0.765625 0.980469 0.713542 0.928385 0.713542
1 0.630208 0.927083 0.682292 0.927083 0.682292 0.875000 0.630208 0.875000
1 0.240885 0.118490 0.292969 0.118490 0.292969 0.066406 0.240885 0.066406
1 0.161458 0.529948 0.213542 0.529948 0.213542 0.477865 0.161458 0.477865
2 0.157552 0.582031 0.183594 0.582031 0.183594 0.555990 0.157552 0.555990
2 0.743490 0.386719 0.769531 0.386719 0.769531 0.360677 0.743490 0.360677
2 0.382812 0.726562 0.408854 0.726562 0.408854 0.700521 0.382812 0.700521
2 0.110677 0.500000 0.136719 0.500000 0.136719 0.473958 0.110677 0.473958
2 0.786458 0.152344 0.812500 0.152344 0.812500 0.126302 0.786458 0.126302
2 0.522135 0.971354 0.548177 0.971354 0.548177 0.945312 0.522135 0.945312
2 0.076823 0.628906 0.102865 0.628906 0.102865 0.602865 0.076823 0.602865
