0 0.147135 0.970052 0.257812 0.963542 0.291667 -0.000000 0.180990 -0.000000
1 0.861979 0.618490 0.914062 0.618490 0.914062 0.566406 0.861979 0.566406
1 0.744792 0.951823 0.796875 0.951823 0.796875 0.899740 0.744792 0.899740
1 0.666667 0.976562 0.718750 0.976562 0.718750 0.924479 0.666667 0.924479
1 0.544271 0.787760 0.596354 0.787760 0.596354 0.735677 0.544271 0.735677
1 0.373698 0.442708 0.425781 0.442708 0.425781 0.390625 0.373698 0.390625
1 0.332031 0.859375 0.384115 0.859375 0.384115 0.807292 0.332031 0.807292
1 0.274740 0.283854 0.326823 0.283854 0.326823 0.231771 0.274740 0.231771
2 0.743490 0.273438 0.769531 0.273438 0.769531 0.247396 0.743490 0.247396
2 0.963542 0.673177 0.989583 0.673177 0.989583 0.647135 0.963542 0.647135
2 0.013021 0.326823 0.039062 0.326823 0.039062 0.300781 0.013021 0.300781
2 0.904948 0.122396 0.930990 0.122396 0.930990 0.096354 0.904948 0.096354
