0 0.750000 1.000000 0.860677 1.000000 0.690104 0.003906 0.579427 0.002604
1 0.854167 0.118490 0.906250 0.118490 0.906250 0.066406 0.854167 0.066406
1 0.701823 0.303385 0.753906 0.303385 0.753906 0.251302 0.701823 0.251302
1 0.610677 0.238281 0.662760 0.238281 0.662760 0.186198 0.610677 0.186198
1 0.569010 0.457031 0.621094 0.457031 0.621094 0.404948 0.569010 0.404948
1 0.492188 0.630208 0.544271 0.630208 0.544271 0.578125 0.492188 0.578125
1 0.055990 0.861979 0.108073 0.861979 0.108073 0.809896 0.055990 0.809896
2 0.799479 0.869792 0.825521 0.869792 0.825521 0.843750 0.799479 0.843750
2 0.595052 0.138021 0.621094 0.138021 0.621094 0.111979 0.595052 0.111979
2 0.782552 0.768229 0.808594 0.768229 0.808594 0.742188 0.782552 0.742188
2 0.023438 0.657552 0.049479 0.657552 0.049479 0.631510 0.023438 0.631510
2 0.498698 0.339844 0.524740 0.339844 0.524740 0.313802 0.498698 0.313802
2 0.970052 0.786458 0.996094 0.786458 0.996094 0.760417 0.970052 0.760417
2 0.938802 0.292969 0.964844 0.292969 0.964844 0.266927 0.938802 0.266927
