0 0.075521 1.000000 0.098958 0.024740 0.000000 0.001302 0.000000 0.001302
1 0.119792 0.075521 0.171875 0.075521 0.171875 0.023438 0.119792 0.023438
1 0.182292 0.651042 0.234375 0.651042 0.234375 0.598958 0.182292 0.598958
1 0.308594 0.914062 0.360677 0.914062 0.360677 0.861979 0.308594 0.861979
1 0.427083 0.212240 0.479167 0.212240 0.479167 0.160156 0.427083 0.160156
1 0.613281 0.062500 0.665365 0.062500 0.665365 0.010417 0.613281 0.010417
1 0.858073 0.796875 0.910156 0.796875 0.910156 0.744792 0.858073 0.744792
2 0.307292 0.912760 0.333333 0.912760 0.333333 0.886719 0.307292 0.886719
2 0.963542 0.694010 0.989583 0.694010 0.989583 0.667969 0.963542 0.667969
2 0.740885 0.246094 0.766927 0.246094 0.766927 0.220052 0.740885 0.220052
