0 0.303385 1.000000 0.414063 1.000000 0.377604 0.007812 0.266927 0.002604
1 0.808594 0.382812 0.860677 0.382812 0.860677 0.330729 0.808594 0.330729
1 0.598958 0.365885 0.651042 0.365885 0.651042 0.313802 0.598958 0.313802
1 0.259115 0.377604 0.311198 0.377604 0.311198 0.325521 0.259115 0.325521
1 0.105469 0.408854 0.157552 0.408854 0.157552 0.356771 0.105469 0.356771
2 0.776042 0.152344 0.802083 0.152344 0.802083 0.126302 0.776042 0.126302
2 0.819010 0.644531 0.845052 0.644531 0.845052 0.618490 0.819010 0.618490
2 0.009115 0.647135 0.035156 0.647135 0.035156 0.621094 0.009115 0.621094
2 0.196615 0.067708 0.222656 0.067708 0.222656 0.041667 0.196615 0.041667
2 0.944010 0.483073 0.970052 0.483073 0.970052 0.457031 0.944010 0.457031
2 0.903646 0.095052 0.929688 0.095052 0.929688 0.069010 0.903646 0.069010
2 0.233073 0.300781 0.259115 0.300781 0.259115 0.274740 0.233073 0.274740
